name,Z,A,[Fe/H],Vel,YieldTot
C12,6,12,-3,0,4.331e-07
C13,6,13,-3,0,5.2482e-09
C14,6,14,-3,0,0.0
N13,7,13,-3,0,0.0
N14,7,14,-3,0,6.8764e-08
N15,7,15,-3,0,1.6911e-10
N16,7,16,-3,0,0.0
O15,8,15,-3,0,0.0
O16,8,16,-3,0,2.0198e-06
O17,8,17,-3,0,8.153e-10
O18,8,18,-3,0,4.5554e-09
O19,8,19,-3,0,0.0
F17,0,17,-3,0,0.0
F18,0,18,-3,0,0.0
F19,0,19,-3,0,5.0232e-11
F20,0,20,-3,0,0.0
Ne20,10,20,-3,0,1.1521e-07
Ne21,10,21,-3,0,2.8997e-10
Ne22,10,22,-3,0,9.3183e-09
Ne23,10,23,-3,0,0.0
Na21,11,21,-3,0,0.0
Na22,11,22,-3,0,0.0
Na23,11,23,-3,0,2.9105e-09
Na24,11,24,-3,0,0.0
Mg23,12,23,-3,0,0.0
Mg24,12,24,-3,0,9.7726e-08
Mg25,12,25,-3,0,1.2887e-08
Mg26,12,26,-3,0,1.4757e-08
Mg27,12,27,-3,0,0.0
Al25,13,25,-3,0,0.0
Al26,13,26,-3,0,0.0
Al27,13,27,-3,0,5.541e-09
Al28,13,28,-3,0,0.0
Si27,14,27,-3,0,0.0
Si28,14,28,-3,0,1.564e-07
Si29,14,29,-3,0,8.2256e-09
Si30,14,30,-3,0,5.6094e-09
Si31,14,31,-3,0,0.0
Si32,14,32,-3,0,0.0
P29,15,29,-3,0,0.0
P30,15,30,-3,0,0.0
P31,15,31,-3,0,5.8022e-10
P32,15,32,-3,0,0.0
P33,15,33,-3,0,0.0
P34,15,34,-3,0,0.0
S31,16,31,-3,0,0.0
S32,16,32,-3,0,6.528e-08
S33,16,33,-3,0,5.3896e-10
S34,16,34,-3,0,3.1345e-09
S35,16,35,-3,0,0.0
S36,16,36,-3,0,1.5473e-11
S37,16,37,-3,0,0.0
Cl33,17,33,-3,0,0.0
Cl34,17,34,-3,0,0.0
Cl35,17,35,-3,0,6.1074e-10
Cl36,17,36,-3,0,0.0
Cl37,17,37,-3,0,2.0635e-10
Cl38,17,38,-3,0,0.0
Ar36,18,36,-3,0,1.247e-08
Ar37,18,37,-3,0,0.0
Ar38,18,38,-3,0,2.3933e-09
Ar39,18,39,-3,0,0.0
Ar40,18,40,-3,0,4.0293e-12
Ar41,18,41,-3,0,0.0
K37,19,37,-3,0,0.0
K38,19,38,-3,0,0.0
K39,19,39,-3,0,2.834e-10
K40,19,40,-3,0,4.5878e-13
K41,19,41,-3,0,2.1501e-11
K42,19,42,-3,0,0.0
Ca40,20,40,-3,0,1.383e-08
Ca41,20,41,-3,0,0.0
Ca42,20,42,-3,0,9.6913e-11
Ca43,20,43,-3,0,2.0703e-11
Ca44,20,44,-3,0,3.2734e-10
Ca45,20,45,-3,0,0.0
Ca46,20,46,-3,0,6.5622e-13
Ca47,20,47,-3,0,0.0
Ca48,20,48,-3,0,3.2012e-11
Ca49,20,49,-3,0,0.0
Sc41,21,41,-3,0,0.0
Sc42,21,42,-3,0,0.0
Sc43,21,43,-3,0,0.0
Sc44,21,44,-3,0,0.0
Sc45,21,45,-3,0,4.6285e-12
Sc46,21,46,-3,0,0.0
Sc47,21,47,-3,0,0.0
Sc48,21,48,-3,0,0.0
Sc49,21,49,-3,0,0.0
Ti44,22,44,-3,0,0.0
Ti45,22,45,-3,0,0.0
Ti46,22,46,-3,0,4.9141e-11
Ti47,22,47,-3,0,4.528e-11
Ti48,22,48,-3,0,4.582e-10
Ti49,22,49,-3,0,3.4326e-11
Ti50,22,50,-3,0,3.3537e-11
Ti51,22,51,-3,0,0.0
V45,23,45,-3,0,0.0
V46,23,46,-3,0,0.0
V47,23,47,-3,0,0.0
V48,23,48,-3,0,0.0
V49,23,49,-3,0,0.0
V50,23,50,-3,0,7.7471e-14
V51,23,51,-3,0,3.1529e-11
V52,23,52,-3,0,0.0
Cr48,24,48,-3,0,0.0
Cr49,24,49,-3,0,0.0
Cr50,24,50,-3,0,6.9054e-11
Cr51,24,51,-3,0,0.0
Cr52,24,52,-3,0,1.3849e-09
Cr53,24,53,-3,0,1.6006e-10
Cr54,24,54,-3,0,4.0593e-11
Cr55,24,55,-3,0,0.0
Mn50,25,50,-3,0,0.0
Mn51,25,51,-3,0,0.0
Mn52,25,52,-3,0,0.0
Mn53,25,53,-3,0,0.0
Mn54,25,54,-3,0,0.0
Mn55,25,55,-3,0,1.0779e-09
Mn56,25,56,-3,0,0.0
Mn57,25,57,-3,0,0.0
Fe52,26,52,-3,0,0.0
Fe53,26,53,-3,0,0.0
Fe54,26,54,-3,0,7.2679e-09
Fe55,26,55,-3,0,0.0
Fe56,26,56,-3,0,1.1832e-07
Fe57,26,57,-3,0,2.7812e-09
Fe58,26,58,-3,0,3.7663e-10
Fe59,26,59,-3,0,0.0
Fe60,26,60,-3,0,0.0
Fe61,26,61,-3,0,0.0
Co54,27,54,-3,0,0.0
Co55,27,55,-3,0,0.0
Co56,27,56,-3,0,0.0
Co57,27,57,-3,0,0.0
Co58,27,58,-3,0,0.0
Co59,27,59,-3,0,4.1984e-10
Co60,27,60,-3,0,0.0
Co61,27,61,-3,0,0.0
Ni56,28,56,-3,0,0.0
Ni57,28,57,-3,0,0.0
Ni58,28,58,-3,0,4.7716e-09
Ni59,28,59,-3,0,0.0
Ni60,28,60,-3,0,1.9014e-09
Ni61,28,61,-3,0,8.4029e-11
Ni62,28,62,-3,0,2.7231e-10
Ni63,28,63,-3,0,0.0
Ni64,28,64,-3,0,7.1587e-11
Ni65,28,65,-3,0,0.0
Cu57,29,57,-3,0,0.0
Cu58,29,58,-3,0,0.0
Cu59,29,59,-3,0,0.0
Cu60,29,60,-3,0,0.0
Cu61,29,61,-3,0,0.0
Cu62,29,62,-3,0,0.0
Cu63,29,63,-3,0,4.9146e-11
Cu64,29,64,-3,0,0.0
Cu65,29,65,-3,0,2.2601e-11
Cu66,29,66,-3,0,0.0
Zn60,30,60,-3,0,0.0
Zn61,30,61,-3,0,0.0
Zn62,30,62,-3,0,0.0
Zn63,30,63,-3,0,0.0
Zn64,30,64,-3,0,8.2284e-11
Zn65,30,65,-3,0,0.0
Zn66,30,66,-3,0,4.8683e-11
Zn67,30,67,-3,0,7.2625e-12
Zn68,30,68,-3,0,3.3709e-11
Zn69,30,69,-3,0,0.0
Zn70,30,70,-3,0,1.1475e-12
Zn71,30,71,-3,0,0.0
Ga62,31,62,-3,0,0.0
Ga63,31,63,-3,0,0.0
Ga64,31,64,-3,0,0.0
Ga65,31,65,-3,0,0.0
Ga66,31,66,-3,0,0.0
Ga67,31,67,-3,0,0.0
Ga68,31,68,-3,0,0.0
Ga69,31,69,-3,0,3.3114e-12
Ga70,31,70,-3,0,0.0
Ga71,31,71,-3,0,2.2614e-12
Ga72,31,72,-3,0,0.0
Ge64,32,64,-3,0,0.0
Ge65,32,65,-3,0,0.0
Ge66,32,66,-3,0,0.0
Ge67,32,67,-3,0,0.0
Ge68,32,68,-3,0,0.0
Ge69,32,69,-3,0,0.0
Ge70,32,70,-3,0,4.7449e-12
Ge71,32,71,-3,0,0.0
Ge72,32,72,-3,0,6.4495e-12
Ge73,32,73,-3,0,1.8354e-12
Ge74,32,74,-3,0,8.7323e-12
Ge75,32,75,-3,0,0.0
Ge76,32,76,-3,0,1.8812e-12
Ge77,32,77,-3,0,0.0
As71,33,71,-3,0,0.0
As72,33,72,-3,0,0.0
As73,33,73,-3,0,0.0
As74,33,74,-3,0,0.0
As75,33,75,-3,0,1.0897e-12
As76,33,76,-3,0,0.0
As77,33,77,-3,0,0.0
Se74,34,74,-3,0,1.0492e-13
Se75,34,75,-3,0,0.0
Se76,34,76,-3,0,1.1345e-12
Se77,34,77,-3,0,9.3593e-13
Se78,34,78,-3,0,2.9536e-12
Se79,34,79,-3,0,0.0
Se80,34,80,-3,0,6.3225e-12
Se81,34,81,-3,0,0.0
Se82,34,82,-3,0,1.1404e-12
Se83,34,83,-3,0,0.0
Br75,35,75,-3,0,0.0
Br76,35,76,-3,0,0.0
Br77,35,77,-3,0,0.0
Br78,35,78,-3,0,0.0
Br79,35,79,-3,0,1.0111e-12
Br80,35,80,-3,0,0.0
Br81,35,81,-3,0,1.0084e-12
Br82,35,82,-3,0,0.0
Br83,35,83,-3,0,0.0
Kr78,36,78,-3,0,3.6562e-14
Kr79,36,79,-3,0,0.0
Kr80,36,80,-3,0,2.4095e-13
Kr81,36,81,-3,0,0.0
Kr82,36,82,-3,0,1.2375e-12
Kr83,36,83,-3,0,1.2409e-12
Kr84,36,84,-3,0,6.1894e-12
Kr85,36,85,-3,0,0.0
Kr86,36,86,-3,0,1.9163e-12
Kr87,36,87,-3,0,0.0
Rb79,37,79,-3,0,0.0
Rb80,37,80,-3,0,0.0
Rb81,37,81,-3,0,0.0
Rb82,37,82,-3,0,0.0
Rb83,37,83,-3,0,0.0
Rb84,37,84,-3,0,0.0
Rb85,37,85,-3,0,1.452e-12
Rb86,37,86,-3,0,0.0
Rb87,37,87,-3,0,6.1161e-13
Rb88,37,88,-3,0,0.0
Sr84,38,84,-3,0,2.5301e-14
Sr85,38,85,-3,0,0.0
Sr86,38,86,-3,0,4.5809e-13
Sr87,38,87,-3,0,3.2385e-13
Sr88,38,88,-3,0,3.9274e-12
Sr89,38,89,-3,0,0.0
Sr90,38,90,-3,0,0.0
Sr91,38,91,-3,0,0.0
Y85,39,85,-3,0,0.0
Y86,39,86,-3,0,0.0
Y87,39,87,-3,0,0.0
Y88,39,88,-3,0,0.0
Y89,39,89,-3,0,1.0511e-12
Y90,39,90,-3,0,0.0
Y91,39,91,-3,0,0.0
Zr90,40,90,-3,0,1.2819e-12
Zr91,40,91,-3,0,2.8266e-13
Zr92,40,92,-3,0,4.368e-13
Zr93,40,93,-3,0,0.0
Zr94,40,94,-3,0,4.5228e-13
Zr95,40,95,-3,0,0.0
Zr96,40,96,-3,0,7.4415e-14
Zr97,40,97,-3,0,0.0
Nb91,41,91,-3,0,0.0
Nb92,41,92,-3,0,0.0
Nb93,41,93,-3,0,1.9531e-13
Nb94,41,94,-3,0,0.0
Nb95,41,95,-3,0,0.0
Nb96,41,96,-3,0,0.0
Nb97,41,97,-3,0,0.0
Mo92,42,92,-3,0,7.3813e-14
Mo93,42,93,-3,0,0.0
Mo94,42,94,-3,0,4.7515e-14
Mo95,42,95,-3,0,8.311e-14
Mo96,42,96,-3,0,8.8407e-14
Mo97,42,97,-3,0,5.1432e-14
Mo98,42,98,-3,0,1.3203e-13
Xe132,53,132,-3,0,4.4287e-13
Xe133,53,133,-3,0,0.0
Xe134,53,134,-3,0,1.66e-13
Xe135,53,135,-3,0,0.0
Cs133,54,133,-3,0,1.1644e-13
Cs134,54,134,-3,0,0.0
Cs135,54,135,-3,0,0.0
Cs136,54,136,-3,0,0.0
Cs137,54,137,-3,0,0.0
Cs138,54,138,-3,0,0.0
Ba134,55,134,-3,0,3.5696e-14
Ba135,55,135,-3,0,9.808e-14
Ba136,55,136,-3,0,1.1772e-13
Ba137,55,137,-3,0,1.696e-13
Ba138,55,138,-3,0,1.0904e-12
Ba139,55,139,-3,0,0.0
La138,56,138,-3,0,1.1512e-16
La139,56,139,-3,0,1.2731e-13
La140,56,140,-3,0,0.0
Ce140,57,140,-3,0,3.4282e-13
Ce141,57,141,-3,0,0.0
Pr141,58,141,-3,0,5.3883e-14
Pr142,58,142,-3,0,0.0
Nd142,59,142,-3,0,7.3552e-14
Nd143,59,143,-3,0,3.2929e-14
Nd144,59,144,-3,0,6.5444e-14
Hg202,78,202,-3,0,6.4964e-14
Hg203,78,203,-3,0,0.0
Hg204,78,204,-3,0,1.5095e-14
Hg205,78,205,-3,0,0.0
Tl203,79,203,-3,0,3.4666e-14
Tl204,79,204,-3,0,0.0
Tl205,79,205,-3,0,8.3565e-14
Tl206,79,206,-3,0,0.0
Pb204,80,204,-3,0,1.6682e-14
Pb205,80,205,-3,0,0.0
Pb206,80,206,-3,0,1.5675e-13
Pb207,80,207,-3,0,1.7429e-13
Pb208,80,208,-3,0,5.013e-13
Pb209,80,209,-3,0,0.0
Bi208,81,208,-3,0,0.0
Bi209,81,209,-3,0,6.7979e-14
