name,Z,A,[Fe/H],Vel,YieldTot
C12,6,12,-3,0,1.4939e-06
C13,6,13,-3,0,1.8103e-08
C14,6,14,-3,0,0.0
N13,7,13,-3,0,0.0
N14,7,14,-3,0,2.372e-07
N15,7,15,-3,0,5.833e-10
N16,7,16,-3,0,0.0
O15,8,15,-3,0,0.0
O16,8,16,-3,0,6.9673e-06
O17,8,17,-3,0,2.8123e-09
O18,8,18,-3,0,1.5714e-08
O19,8,19,-3,0,0.0
F17,0,17,-3,0,0.0
F18,0,18,-3,0,0.0
F19,0,19,-3,0,1.7327e-10
F20,0,20,-3,0,0.0
Ne20,10,20,-3,0,3.9741e-07
Ne21,10,21,-3,0,1.0002e-09
Ne22,10,22,-3,0,3.2142e-08
Ne23,10,23,-3,0,0.0
Na21,11,21,-3,0,0.0
Na22,11,22,-3,0,0.0
Na23,11,23,-3,0,1.0039e-08
Na24,11,24,-3,0,0.0
Mg23,12,23,-3,0,0.0
Mg24,12,24,-3,0,3.371e-07
Mg25,12,25,-3,0,4.4455e-08
Mg26,12,26,-3,0,5.09e-08
Mg27,12,27,-3,0,0.0
Al25,13,25,-3,0,0.0
Al26,13,26,-3,0,0.0
Al27,13,27,-3,0,1.9113e-08
Al28,13,28,-3,0,0.0
Si27,14,27,-3,0,0.0
Si28,14,28,-3,0,5.3952e-07
Si29,14,29,-3,0,2.8373e-08
Si30,14,30,-3,0,1.9349e-08
Si31,14,31,-3,0,0.0
Si32,14,32,-3,0,0.0
P29,15,29,-3,0,0.0
P30,15,30,-3,0,0.0
P31,15,31,-3,0,2.0014e-09
P32,15,32,-3,0,0.0
P33,15,33,-3,0,0.0
P34,15,34,-3,0,0.0
S31,16,31,-3,0,0.0
S32,16,32,-3,0,2.2518e-07
S33,16,33,-3,0,1.8591e-09
S34,16,34,-3,0,1.0812e-08
S35,16,35,-3,0,0.0
S36,16,36,-3,0,5.3371e-11
S37,16,37,-3,0,0.0
Cl33,17,33,-3,0,0.0
Cl34,17,34,-3,0,0.0
Cl35,17,35,-3,0,2.1066e-09
Cl36,17,36,-3,0,0.0
Cl37,17,37,-3,0,7.118e-10
Cl38,17,38,-3,0,0.0
Ar36,18,36,-3,0,4.3013e-08
Ar37,18,37,-3,0,0.0
Ar38,18,38,-3,0,8.2553e-09
Ar39,18,39,-3,0,0.0
Ar40,18,40,-3,0,1.3899e-11
Ar41,18,41,-3,0,0.0
K37,19,37,-3,0,0.0
K38,19,38,-3,0,0.0
K39,19,39,-3,0,9.7753e-10
K40,19,40,-3,0,1.5825e-12
K41,19,41,-3,0,7.4162e-11
K42,19,42,-3,0,0.0
Ca40,20,40,-3,0,4.7703e-08
Ca41,20,41,-3,0,0.0
Ca42,20,42,-3,0,3.3429e-10
Ca43,20,43,-3,0,7.1411e-11
Ca44,20,44,-3,0,1.1291e-09
Ca45,20,45,-3,0,0.0
Ca46,20,46,-3,0,2.2635e-12
Ca47,20,47,-3,0,0.0
Ca48,20,48,-3,0,1.1042e-10
Ca49,20,49,-3,0,0.0
Sc41,21,41,-3,0,0.0
Sc42,21,42,-3,0,0.0
Sc43,21,43,-3,0,0.0
Sc44,21,44,-3,0,0.0
Sc45,21,45,-3,0,1.5966e-11
Sc46,21,46,-3,0,0.0
Sc47,21,47,-3,0,0.0
Sc48,21,48,-3,0,0.0
Sc49,21,49,-3,0,0.0
Ti44,22,44,-3,0,0.0
Ti45,22,45,-3,0,0.0
Ti46,22,46,-3,0,1.6951e-10
Ti47,22,47,-3,0,1.5619e-10
Ti48,22,48,-3,0,1.5805e-09
Ti49,22,49,-3,0,1.184e-10
Ti50,22,50,-3,0,1.1568e-10
Ti51,22,51,-3,0,0.0
V45,23,45,-3,0,0.0
V46,23,46,-3,0,0.0
V47,23,47,-3,0,0.0
V48,23,48,-3,0,0.0
V49,23,49,-3,0,0.0
V50,23,50,-3,0,2.6723e-13
V51,23,51,-3,0,1.0876e-10
V52,23,52,-3,0,0.0
Cr48,24,48,-3,0,0.0
Cr49,24,49,-3,0,0.0
Cr50,24,50,-3,0,2.3819e-10
Cr51,24,51,-3,0,0.0
Cr52,24,52,-3,0,4.7772e-09
Cr53,24,53,-3,0,5.521e-10
Cr54,24,54,-3,0,1.4002e-10
Cr55,24,55,-3,0,0.0
Mn50,25,50,-3,0,0.0
Mn51,25,51,-3,0,0.0
Mn52,25,52,-3,0,0.0
Mn53,25,53,-3,0,0.0
Mn54,25,54,-3,0,0.0
Mn55,25,55,-3,0,3.7183e-09
Mn56,25,56,-3,0,0.0
Mn57,25,57,-3,0,0.0
Fe52,26,52,-3,0,0.0
Fe53,26,53,-3,0,0.0
Fe54,26,54,-3,0,2.507e-08
Fe55,26,55,-3,0,0.0
Fe56,26,56,-3,0,4.0812e-07
Fe57,26,57,-3,0,9.5935e-09
Fe58,26,58,-3,0,1.2991e-09
Fe59,26,59,-3,0,0.0
Fe60,26,60,-3,0,0.0
Fe61,26,61,-3,0,0.0
Co54,27,54,-3,0,0.0
Co55,27,55,-3,0,0.0
Co56,27,56,-3,0,0.0
Co57,27,57,-3,0,0.0
Co58,27,58,-3,0,0.0
Co59,27,59,-3,0,1.4482e-09
Co60,27,60,-3,0,0.0
Co61,27,61,-3,0,0.0
Ni56,28,56,-3,0,0.0
Ni57,28,57,-3,0,0.0
Ni58,28,58,-3,0,1.6459e-08
Ni59,28,59,-3,0,0.0
Ni60,28,60,-3,0,6.5585e-09
Ni61,28,61,-3,0,2.8985e-10
Ni62,28,62,-3,0,9.3931e-10
Ni63,28,63,-3,0,0.0
Ni64,28,64,-3,0,2.4693e-10
Ni65,28,65,-3,0,0.0
Cu57,29,57,-3,0,0.0
Cu58,29,58,-3,0,0.0
Cu59,29,59,-3,0,0.0
Cu60,29,60,-3,0,0.0
Cu61,29,61,-3,0,0.0
Cu62,29,62,-3,0,0.0
Cu63,29,63,-3,0,1.6952e-10
Cu64,29,64,-3,0,0.0
Cu65,29,65,-3,0,7.7957e-11
Cu66,29,66,-3,0,0.0
Zn60,30,60,-3,0,0.0
Zn61,30,61,-3,0,0.0
Zn62,30,62,-3,0,0.0
Zn63,30,63,-3,0,0.0
Zn64,30,64,-3,0,2.8383e-10
Zn65,30,65,-3,0,0.0
Zn66,30,66,-3,0,1.6793e-10
Zn67,30,67,-3,0,2.5051e-11
Zn68,30,68,-3,0,1.1627e-10
Zn69,30,69,-3,0,0.0
Zn70,30,70,-3,0,3.9578e-12
Zn71,30,71,-3,0,0.0
Ga62,31,62,-3,0,0.0
Ga63,31,63,-3,0,0.0
Ga64,31,64,-3,0,0.0
Ga65,31,65,-3,0,0.0
Ga66,31,66,-3,0,0.0
Ga67,31,67,-3,0,0.0
Ga68,31,68,-3,0,0.0
Ga69,31,69,-3,0,1.1422e-11
Ga70,31,70,-3,0,0.0
Ga71,31,71,-3,0,7.8005e-12
Ga72,31,72,-3,0,0.0
Ge64,32,64,-3,0,0.0
Ge65,32,65,-3,0,0.0
Ge66,32,66,-3,0,0.0
Ge67,32,67,-3,0,0.0
Ge68,32,68,-3,0,0.0
Ge69,32,69,-3,0,0.0
Ge70,32,70,-3,0,1.6367e-11
Ge71,32,71,-3,0,0.0
Ge72,32,72,-3,0,2.2247e-11
Ge73,32,73,-3,0,6.331e-12
Ge74,32,74,-3,0,3.0121e-11
Ge75,32,75,-3,0,0.0
Ge76,32,76,-3,0,6.489e-12
Ge77,32,77,-3,0,0.0
As71,33,71,-3,0,0.0
As72,33,72,-3,0,0.0
As73,33,73,-3,0,0.0
As74,33,74,-3,0,0.0
As75,33,75,-3,0,3.7587e-12
As76,33,76,-3,0,0.0
As77,33,77,-3,0,0.0
Se74,34,74,-3,0,3.6191e-13
Se75,34,75,-3,0,0.0
Se76,34,76,-3,0,3.9132e-12
Se77,34,77,-3,0,3.2284e-12
Se78,34,78,-3,0,1.0188e-11
Se79,34,79,-3,0,0.0
Se80,34,80,-3,0,2.1809e-11
Se81,34,81,-3,0,0.0
Se82,34,82,-3,0,3.9336e-12
Se83,34,83,-3,0,0.0
Br75,35,75,-3,0,0.0
Br76,35,76,-3,0,0.0
Br77,35,77,-3,0,0.0
Br78,35,78,-3,0,0.0
Br79,35,79,-3,0,3.4874e-12
Br80,35,80,-3,0,0.0
Br81,35,81,-3,0,3.4785e-12
Br82,35,82,-3,0,0.0
Br83,35,83,-3,0,0.0
Kr78,36,78,-3,0,1.2612e-13
Kr79,36,79,-3,0,0.0
Kr80,36,80,-3,0,8.3113e-13
Kr81,36,81,-3,0,0.0
Kr82,36,82,-3,0,4.2689e-12
Kr83,36,83,-3,0,4.2803e-12
Kr84,36,84,-3,0,2.1349e-11
Kr85,36,85,-3,0,0.0
Kr86,36,86,-3,0,6.6099e-12
Kr87,36,87,-3,0,0.0
Rb79,37,79,-3,0,0.0
Rb80,37,80,-3,0,0.0
Rb81,37,81,-3,0,0.0
Rb82,37,82,-3,0,0.0
Rb83,37,83,-3,0,0.0
Rb84,37,84,-3,0,0.0
Rb85,37,85,-3,0,5.0084e-12
Rb86,37,86,-3,0,0.0
Rb87,37,87,-3,0,2.1097e-12
Rb88,37,88,-3,0,0.0
Sr84,38,84,-3,0,8.7274e-14
Sr85,38,85,-3,0,0.0
Sr86,38,86,-3,0,1.5801e-12
Sr87,38,87,-3,0,1.1171e-12
Sr88,38,88,-3,0,1.3547e-11
Sr89,38,89,-3,0,0.0
Sr90,38,90,-3,0,0.0
Sr91,38,91,-3,0,0.0
Y85,39,85,-3,0,0.0
Y86,39,86,-3,0,0.0
Y87,39,87,-3,0,0.0
Y88,39,88,-3,0,0.0
Y89,39,89,-3,0,3.6253e-12
Y90,39,90,-3,0,0.0
Y91,39,91,-3,0,0.0
Zr90,40,90,-3,0,4.422e-12
Zr91,40,91,-3,0,9.7501e-13
Zr92,40,92,-3,0,1.5067e-12
Zr93,40,93,-3,0,0.0
Zr94,40,94,-3,0,1.5601e-12
Zr95,40,95,-3,0,0.0
Zr96,40,96,-3,0,2.5669e-13
Zr97,40,97,-3,0,0.0
Nb91,41,91,-3,0,0.0
Nb92,41,92,-3,0,0.0
Nb93,41,93,-3,0,6.7368e-13
Nb94,41,94,-3,0,0.0
Nb95,41,95,-3,0,0.0
Nb96,41,96,-3,0,0.0
Nb97,41,97,-3,0,0.0
Mo92,42,92,-3,0,2.5461e-13
Mo93,42,93,-3,0,0.0
Mo94,42,94,-3,0,1.639e-13
Mo95,42,95,-3,0,2.8668e-13
Mo96,42,96,-3,0,3.0495e-13
Mo97,42,97,-3,0,1.7741e-13
Mo98,42,98,-3,0,4.5543e-13
Xe132,53,132,-3,0,1.5277e-12
Xe133,53,133,-3,0,0.0
Xe134,53,134,-3,0,5.7262e-13
Xe135,53,135,-3,0,0.0
Cs133,54,133,-3,0,4.0162e-13
Cs134,54,134,-3,0,0.0
Cs135,54,135,-3,0,0.0
Cs136,54,136,-3,0,0.0
Cs137,54,137,-3,0,0.0
Cs138,54,138,-3,0,0.0
Ba134,55,134,-3,0,1.2313e-13
Ba135,55,135,-3,0,3.3832e-13
Ba136,55,136,-3,0,4.0608e-13
Ba137,55,137,-3,0,5.85e-13
Ba138,55,138,-3,0,3.7615e-12
Ba139,55,139,-3,0,0.0
La138,56,138,-3,0,3.9709e-16
La139,56,139,-3,0,4.3912e-13
La140,56,140,-3,0,0.0
Ce140,57,140,-3,0,1.1825e-12
Ce141,57,141,-3,0,0.0
Pr141,58,141,-3,0,1.8586e-13
Pr142,58,142,-3,0,0.0
Nd142,59,142,-3,0,2.537e-13
Nd143,59,143,-3,0,1.1358e-13
Nd144,59,144,-3,0,2.2574e-13
Hg202,78,202,-3,0,2.2409e-13
Hg203,78,203,-3,0,0.0
Hg204,78,204,-3,0,5.2068e-14
Hg205,78,205,-3,0,0.0
Tl203,79,203,-3,0,1.1957e-13
Tl204,79,204,-3,0,0.0
Tl205,79,205,-3,0,2.8825e-13
Tl206,79,206,-3,0,0.0
Pb204,80,204,-3,0,5.7542e-14
Pb205,80,205,-3,0,0.0
Pb206,80,206,-3,0,5.4066e-13
Pb207,80,207,-3,0,6.0121e-13
Pb208,80,208,-3,0,1.7292e-12
Pb209,80,209,-3,0,0.0
Bi208,81,208,-3,0,0.0
Bi209,81,209,-3,0,2.3449e-13
