name,Z,A,[Fe/H],Vel,YieldTot
C12,6,12,-1,0,0.0084812
C13,6,13,-1,0,0.00040973
C14,6,14,-1,0,1.2179000000000001e-24
N13,7,13,-1,0,2.5862e-16
N14,7,14,-1,0,0.049797
N15,7,15,-1,0,3.1352e-06
N16,7,16,-1,0,0.0
O15,8,15,-1,0,4.172e-17
O16,8,16,-1,0,0.040238
O17,8,17,-1,0,1.7659e-05
O18,8,18,-1,0,8.6635e-05
O19,8,19,-1,0,0.0
F17,0,17,-1,0,1.0124e-20
F18,0,18,-1,0,2.1265e-21
F19,0,19,-1,0,9.6732e-07
F20,0,20,-1,0,0.0
Ne20,10,20,-1,0,0.0043775
Ne21,10,21,-1,0,8.3781e-06
Ne22,10,22,-1,0,0.00019044
Ne23,10,23,-1,0,0.0
Na21,11,21,-1,0,0.0
Na22,11,22,-1,0,6.6662e-20
Na23,11,23,-1,0,0.00065775
Na24,11,24,-1,0,0.0
Mg23,12,23,-1,0,0.0
Mg24,12,24,-1,0,0.0039724
Mg25,12,25,-1,0,0.00026047
Mg26,12,26,-1,0,0.00058521
Mg27,12,27,-1,0,0.0
Al25,13,25,-1,0,0.0
Al26,13,26,-1,0,8.6772e-06
Al27,13,27,-1,0,0.00050712
Al28,13,28,-1,0,0.0
Si27,14,27,-1,0,0.0
Si28,14,28,-1,0,0.0063499
Si29,14,29,-1,0,0.00033361
Si30,14,30,-1,0,0.00022785
Si31,14,31,-1,0,0.0
Si32,14,32,-1,0,0.0
P29,15,29,-1,0,0.0
P30,15,30,-1,0,0.0
P31,15,31,-1,0,2.3553e-05
P32,15,32,-1,0,8.608100000000001e-35
P33,15,33,-1,0,0.0
P34,15,34,-1,0,0.0
S31,16,31,-1,0,0.0
S32,16,32,-1,0,0.0026492
S33,16,33,-1,0,2.1872e-05
S34,16,34,-1,0,0.0001272
S35,16,35,-1,0,1.2947e-33
S36,16,36,-1,0,6.2792e-07
S37,16,37,-1,0,0.0
Cl33,17,33,-1,0,0.0
Cl34,17,34,-1,0,0.0
Cl35,17,35,-1,0,2.4785e-05
Cl36,17,36,-1,0,5.2222e-20
Cl37,17,37,-1,0,8.3741e-06
Cl38,17,38,-1,0,0.0
Ar36,18,36,-1,0,0.00050608
Ar37,18,37,-1,0,1.215e-21
Ar38,18,38,-1,0,9.7125e-05
Ar39,18,39,-1,0,5.0211e-29
Ar40,18,40,-1,0,1.6351e-07
Ar41,18,41,-1,0,0.0
K37,19,37,-1,0,0.0
K38,19,38,-1,0,0.0
K39,19,39,-1,0,1.1501e-05
K40,19,40,-1,0,1.8588e-08
K41,19,41,-1,0,8.7253e-07
K42,19,42,-1,0,0.0
Ca40,20,40,-1,0,0.0005612
Ca41,20,41,-1,0,2.3925e-18
Ca42,20,42,-1,0,3.9329e-06
Ca43,20,43,-1,0,8.4018e-07
Ca44,20,44,-1,0,1.3284e-05
Ca45,20,45,-1,0,6.6574e-33
Ca46,20,46,-1,0,2.6631e-08
Ca47,20,47,-1,0,2.5288e-37
Ca48,20,48,-1,0,1.2991e-06
Ca49,20,49,-1,0,0.0
Sc41,21,41,-1,0,0.0
Sc42,21,42,-1,0,0.0
Sc43,21,43,-1,0,0.0
Sc44,21,44,-1,0,0.0
Sc45,21,45,-1,0,1.8784e-07
Sc46,21,46,-1,0,1.0520000000000001e-33
Sc47,21,47,-1,0,1.9272e-37
Sc48,21,48,-1,0,0.0
Sc49,21,49,-1,0,0.0
Ti44,22,44,-1,0,0.0
Ti45,22,45,-1,0,0.0
Ti46,22,46,-1,0,1.9943e-06
Ti47,22,47,-1,0,1.8375e-06
Ti48,22,48,-1,0,1.8595e-05
Ti49,22,49,-1,0,1.393e-06
Ti50,22,50,-1,0,1.361e-06
Ti51,22,51,-1,0,0.0
V45,23,45,-1,0,0.0
V46,23,46,-1,0,0.0
V47,23,47,-1,0,0.0
V48,23,48,-1,0,0.0
V49,23,49,-1,0,0.0
V50,23,50,-1,0,3.144e-09
V51,23,51,-1,0,1.2795e-06
V52,23,52,-1,0,0.0
Cr48,24,48,-1,0,0.0
Cr49,24,49,-1,0,0.0
Cr50,24,50,-1,0,2.8024e-06
Cr51,24,51,-1,0,1.4615999999999998e-22
Cr52,24,52,-1,0,5.6204e-05
Cr53,24,53,-1,0,6.4956e-06
Cr54,24,54,-1,0,1.6474e-06
Cr55,24,55,-1,0,0.0
Mn50,25,50,-1,0,0.0
Mn51,25,51,-1,0,0.0
Mn52,25,52,-1,0,0.0
Mn53,25,53,-1,0,0.0
Mn54,25,54,-1,0,0.0
Mn55,25,55,-1,0,4.3743e-05
Mn56,25,56,-1,0,0.0
Mn57,25,57,-1,0,0.0
Fe52,26,52,-1,0,0.0
Fe53,26,53,-1,0,0.0
Fe54,26,54,-1,0,0.00029494
Fe55,26,55,-1,0,7.252000000000001e-19
Fe56,26,56,-1,0,0.0048015
Fe57,26,57,-1,0,0.00011287
Fe58,26,58,-1,0,1.5284e-05
Fe59,26,59,-1,0,6.1592000000000005e-33
Fe60,26,60,-1,0,1.6684e-37
Fe61,26,61,-1,0,0.0
Co54,27,54,-1,0,0.0
Co55,27,55,-1,0,0.0
Co56,27,56,-1,0,0.0
Co57,27,57,-1,0,0.0
Co58,27,58,-1,0,0.0
Co59,27,59,-1,0,1.7038e-05
Co60,27,60,-1,0,1.0852e-30
Co61,27,61,-1,0,0.0
Ni56,28,56,-1,0,0.0
Ni57,28,57,-1,0,0.0
Ni58,28,58,-1,0,0.00019364
Ni59,28,59,-1,0,2.6156e-18
Ni60,28,60,-1,0,7.7161e-05
Ni61,28,61,-1,0,3.41e-06
Ni62,28,62,-1,0,1.1051e-05
Ni63,28,63,-1,0,3.3831e-29
Ni64,28,64,-1,0,2.9052e-06
Ni65,28,65,-1,0,0.0
Cu57,29,57,-1,0,0.0
Cu58,29,58,-1,0,0.0
Cu59,29,59,-1,0,0.0
Cu60,29,60,-1,0,0.0
Cu61,29,61,-1,0,0.0
Cu62,29,62,-1,0,0.0
Cu63,29,63,-1,0,1.9945e-06
Cu64,29,64,-1,0,1.1481e-34
Cu65,29,65,-1,0,9.1718e-07
Cu66,29,66,-1,0,0.0
Zn60,30,60,-1,0,0.0
Zn61,30,61,-1,0,0.0
Zn62,30,62,-1,0,0.0
Zn63,30,63,-1,0,0.0
Zn64,30,64,-1,0,3.3393e-06
Zn65,30,65,-1,0,1.1132e-29
Zn66,30,66,-1,0,1.9757e-06
Zn67,30,67,-1,0,2.9473e-07
Zn68,30,68,-1,0,1.368e-06
Zn69,30,69,-1,0,0.0
Zn70,30,70,-1,0,4.6565e-08
Zn71,30,71,-1,0,0.0
Ga62,31,62,-1,0,0.0
Ga63,31,63,-1,0,0.0
Ga64,31,64,-1,0,0.0
Ga65,31,65,-1,0,0.0
Ga66,31,66,-1,0,0.0
Ga67,31,67,-1,0,0.0
Ga68,31,68,-1,0,0.0
Ga69,31,69,-1,0,1.3438e-07
Ga70,31,70,-1,0,0.0
Ga71,31,71,-1,0,9.1774e-08
Ga72,31,72,-1,0,0.0
Ge64,32,64,-1,0,0.0
Ge65,32,65,-1,0,0.0
Ge66,32,66,-1,0,0.0
Ge67,32,67,-1,0,0.0
Ge68,32,68,-1,0,0.0
Ge69,32,69,-1,0,0.0
Ge70,32,70,-1,0,1.9256e-07
Ge71,32,71,-1,0,1.311e-34
Ge72,32,72,-1,0,2.6174e-07
Ge73,32,73,-1,0,7.4483e-08
Ge74,32,74,-1,0,3.5438e-07
Ge75,32,75,-1,0,0.0
Ge76,32,76,-1,0,7.6342e-08
Ge77,32,77,-1,0,0.0
As71,33,71,-1,0,0.0
As72,33,72,-1,0,0.0
As73,33,73,-1,0,0.0
As74,33,74,-1,0,0.0
As75,33,75,-1,0,4.4221e-08
As76,33,76,-1,0,0.0
As77,33,77,-1,0,0.0
Se74,34,74,-1,0,4.2579e-09
Se75,34,75,-1,0,1.0585e-34
Se76,34,76,-1,0,4.6039e-08
Se77,34,77,-1,0,3.7982e-08
Se78,34,78,-1,0,1.1986e-07
Se79,34,79,-1,0,2.0115999999999998e-22
Se80,34,80,-1,0,2.5658e-07
Se81,34,81,-1,0,0.0
Se82,34,82,-1,0,4.628e-08
Se83,34,83,-1,0,0.0
Br75,35,75,-1,0,0.0
Br76,35,76,-1,0,0.0
Br77,35,77,-1,0,0.0
Br78,35,78,-1,0,0.0
Br79,35,79,-1,0,4.1033e-08
Br80,35,80,-1,0,0.0
Br81,35,81,-1,0,4.0925e-08
Br82,35,82,-1,0,0.0
Br83,35,83,-1,0,0.0
Kr78,36,78,-1,0,1.4838e-09
Kr79,36,79,-1,0,0.0
Kr80,36,80,-1,0,9.7784e-09
Kr81,36,81,-1,0,5.825599999999999e-22
Kr82,36,82,-1,0,5.0223e-08
Kr83,36,83,-1,0,5.0359e-08
Kr84,36,84,-1,0,2.5118e-07
Kr85,36,85,-1,0,5.002199999999999e-32
Kr86,36,86,-1,0,7.7767e-08
Kr87,36,87,-1,0,0.0
Rb79,37,79,-1,0,0.0
Rb80,37,80,-1,0,0.0
Rb81,37,81,-1,0,0.0
Rb82,37,82,-1,0,0.0
Rb83,37,83,-1,0,0.0
Rb84,37,84,-1,0,0.0
Rb85,37,85,-1,0,5.8922e-08
Rb86,37,86,-1,0,2.3729e-34
Rb87,37,87,-1,0,2.4819e-08
Rb88,37,88,-1,0,0.0
Sr84,38,84,-1,0,1.0268e-09
Sr85,38,85,-1,0,1.4452000000000001e-35
Sr86,38,86,-1,0,1.859e-08
Sr87,38,87,-1,0,1.3144e-08
Sr88,38,88,-1,0,1.5938e-07
Sr89,38,89,-1,0,2.6305000000000003e-35
Sr90,38,90,-1,0,0.0
Sr91,38,91,-1,0,0.0
Y85,39,85,-1,0,0.0
Y86,39,86,-1,0,0.0
Y87,39,87,-1,0,0.0
Y88,39,88,-1,0,0.0
Y89,39,89,-1,0,4.2655e-08
Y90,39,90,-1,0,0.0
Y91,39,91,-1,0,0.0
Zr90,40,90,-1,0,5.2021e-08
Zr91,40,91,-1,0,1.1471e-08
Zr92,40,92,-1,0,1.7726e-08
Zr93,40,93,-1,0,5.4281e-22
Zr94,40,94,-1,0,1.8354e-08
Zr95,40,95,-1,0,2.6161e-35
Zr96,40,96,-1,0,6.0179e-11
Zr97,40,97,-1,0,0.0
Nb91,41,91,-1,0,0.0
Nb92,41,92,-1,0,0.0
Nb93,41,93,-1,0,7.926e-09
Nb94,41,94,-1,0,8.150400000000001e-25
Nb95,41,95,-1,0,1.4280000000000002e-35
Nb96,41,96,-1,0,0.0
Nb97,41,97,-1,0,0.0
Mo92,42,92,-1,0,2.9955e-09
Mo93,42,93,-1,0,4.5987e-26
Mo94,42,94,-1,0,1.9283e-09
Mo95,42,95,-1,0,3.3728e-09
Mo96,42,96,-1,0,6.5474e-09
Mo97,42,97,-1,0,2.0872e-09
Mo98,42,98,-1,0,5.3583e-09
Xe132,53,132,-1,0,1.7973e-08
Xe133,53,133,-1,0,4.6955e-36
Xe134,53,134,-1,0,6.7369e-09
Xe135,53,135,-1,0,0.0
Cs133,54,133,-1,0,4.7252e-09
Cs134,54,134,-1,0,1.4814000000000001e-33
Cs135,54,135,-1,0,9.482099999999999e-23
Cs136,54,136,-1,0,0.0
Cs137,54,137,-1,0,0.0
Cs138,54,138,-1,0,0.0
Ba134,55,134,-1,0,1.4486e-09
Ba135,55,135,-1,0,3.9803e-09
Ba136,55,136,-1,0,4.7774e-09
Ba137,55,137,-1,0,6.8826e-09
Ba138,55,138,-1,0,4.4253e-08
Ba139,55,139,-1,0,0.0
La138,56,138,-1,0,4.6718e-12
La139,56,139,-1,0,5.1664e-09
La140,56,140,-1,0,0.0
Ce140,57,140,-1,0,1.3912e-08
Ce141,57,141,-1,0,3.0884e-36
Pr141,58,141,-1,0,2.1867e-09
Pr142,58,142,-1,0,0.0
Nd142,59,142,-1,0,2.9849e-09
Nd143,59,143,-1,0,1.3363e-09
Nd144,59,144,-1,0,2.6559e-09
Hg202,78,202,-1,0,2.6364e-09
Hg203,78,203,-1,0,5.8537e-36
Hg204,78,204,-1,0,6.1255e-10
Hg205,78,205,-1,0,0.0
Tl203,79,203,-1,0,1.4068e-09
Tl204,79,204,-1,0,2.2805e-34
Tl205,79,205,-1,0,3.3913e-09
Tl206,79,206,-1,0,0.0
Pb204,80,204,-1,0,6.7698e-10
Pb205,80,205,-1,0,2.7803999999999997e-23
Pb206,80,206,-1,0,6.3611e-09
Pb207,80,207,-1,0,7.0733e-09
Pb208,80,208,-1,0,2.0344e-08
Pb209,80,209,-1,0,0.0
Bi208,81,208,-1,0,0.0
Bi209,81,209,-1,0,2.7588e-09
