name,Z,A,[Fe/H],Vel,YieldTot
C12,6,12,-1,150,0.40634
C13,6,13,-1,150,0.00064979
C14,6,14,-1,150,0.003914
N13,7,13,-1,150,3.6591e-13
N14,7,14,-1,150,0.090315
N15,7,15,-1,150,0.0018827
N16,7,16,-1,150,2.3000000000000004e-25
O15,8,15,-1,150,8.4864e-17
O16,8,16,-1,150,1.8853
O17,8,17,-1,150,0.00041917
O18,8,18,-1,150,0.025289
O19,8,19,-1,150,2.0295999999999998e-21
F17,0,17,-1,150,7.923500000000001e-19
F18,0,18,-1,150,1.0173e-06
F19,0,19,-1,150,8.1049e-05
F20,0,20,-1,150,7.256399999999999e-22
Ne20,10,20,-1,150,0.11237
Ne21,10,21,-1,150,0.00038698
Ne22,10,22,-1,150,0.017837
Ne23,10,23,-1,150,8.5734e-16
Na21,11,21,-1,150,1.226e-14
Na22,11,22,-1,150,5.8896e-07
Na23,11,23,-1,150,0.0012015
Na24,11,24,-1,150,2.0596e-06
Mg23,12,23,-1,150,3.4304e-15
Mg24,12,24,-1,150,0.034099
Mg25,12,25,-1,150,0.0029375
Mg26,12,26,-1,150,0.0029391
Mg27,12,27,-1,150,2.0227e-13
Al25,13,25,-1,150,4.5637e-17
Al26,13,26,-1,150,5.013e-05
Al27,13,27,-1,150,0.0028918
Al28,13,28,-1,150,5.5954e-15
Si27,14,27,-1,150,7.5533e-20
Si28,14,28,-1,150,0.11028
Si29,14,29,-1,150,0.0014941
Si30,14,30,-1,150,0.0023294
Si31,14,31,-1,150,2.7712e-08
Si32,14,32,-1,150,6.5981e-09
P29,15,29,-1,150,1.1484e-19
P30,15,30,-1,150,4.4049e-14
P31,15,31,-1,150,0.00055277
P32,15,32,-1,150,5.8331e-07
P33,15,33,-1,150,3.5518e-07
P34,15,34,-1,150,3.0027999999999997e-21
S31,16,31,-1,150,3.2534e-26
S32,16,32,-1,150,0.065569
S33,16,33,-1,150,0.00030408
S34,16,34,-1,150,0.00066263
S35,16,35,-1,150,4.9473e-07
S36,16,36,-1,150,5.0441e-07
S37,16,37,-1,150,1.8891000000000002e-19
Cl33,17,33,-1,150,8.8426e-23
Cl34,17,34,-1,150,2.0273000000000002e-24
Cl35,17,35,-1,150,9.6407e-05
Cl36,17,36,-1,150,1.0777e-06
Cl37,17,37,-1,150,2.1383e-05
Cl38,17,38,-1,150,1.3281e-11
Ar36,18,36,-1,150,0.016672
Ar37,18,37,-1,150,1.7536e-05
Ar38,18,38,-1,150,0.00011641
Ar39,18,39,-1,150,7.8884e-07
Ar40,18,40,-1,150,4.9181e-07
Ar41,18,41,-1,150,8.8928e-11
K37,19,37,-1,150,1.0265000000000001e-30
K38,19,38,-1,150,3.5588e-16
K39,19,39,-1,150,4.8252e-05
K40,19,40,-1,150,5.5149e-07
K41,19,41,-1,150,1.0013e-06
K42,19,42,-1,150,2.6465e-08
Ca40,20,40,-1,150,0.019508
Ca41,20,41,-1,150,8.5404e-06
Ca42,20,42,-1,150,1.0202e-05
Ca43,20,43,-1,150,2.1418e-06
Ca44,20,44,-1,150,1.2075e-05
Ca45,20,45,-1,150,3.861e-07
Ca46,20,46,-1,150,1.4086e-07
Ca47,20,47,-1,150,4.0787e-09
Ca48,20,48,-1,150,3.6466e-07
Ca49,20,49,-1,150,3.1277e-18
Sc41,21,41,-1,150,9.3164e-44
Sc42,21,42,-1,150,3.7807999999999996e-38
Sc43,21,43,-1,150,2.4934e-08
Sc44,21,44,-1,150,3.4804e-09
Sc45,21,45,-1,150,1.7507e-06
Sc46,21,46,-1,150,1.6919e-07
Sc47,21,47,-1,150,5.3145e-08
Sc48,21,48,-1,150,6.8351e-09
Sc49,21,49,-1,150,4.1777e-12
Ti44,22,44,-1,150,3.4916e-05
Ti45,22,45,-1,150,1.3227e-07
Ti46,22,46,-1,150,6.3764e-06
Ti47,22,47,-1,150,2.2441e-06
Ti48,22,48,-1,150,6.502e-06
Ti49,22,49,-1,150,2.5302e-06
Ti50,22,50,-1,150,5.2068e-06
Ti51,22,51,-1,150,1.2395e-15
V45,23,45,-1,150,1.0691999999999998e-50
V46,23,46,-1,150,4.4513e-56
V47,23,47,-1,150,1.0948e-10
V48,23,48,-1,150,4.8752e-08
V49,23,49,-1,150,4.2136e-06
V50,23,50,-1,150,7.794e-08
V51,23,51,-1,150,8.3163e-07
V52,23,52,-1,150,4.8238e-16
Cr48,24,48,-1,150,8.691e-05
Cr49,24,49,-1,150,7.9789e-09
Cr50,24,50,-1,150,3.5841e-05
Cr51,24,51,-1,150,6.8391e-06
Cr52,24,52,-1,150,1.7137e-05
Cr53,24,53,-1,150,1.7241e-06
Cr54,24,54,-1,150,2.0565e-06
Cr55,24,55,-1,150,2.479e-16
Mn50,25,50,-1,150,1.0394e-59
Mn51,25,51,-1,150,1.677e-08
Mn52,25,52,-1,150,0.00017405
Mn53,25,53,-1,150,6.2635e-05
Mn54,25,54,-1,150,7.7641e-08
Mn55,25,55,-1,150,1.0682e-05
Mn56,25,56,-1,150,3.0339e-09
Mn57,25,57,-1,150,6.766e-23
Fe52,26,52,-1,150,0.00052432
Fe53,26,53,-1,150,4.1511e-16
Fe54,26,54,-1,150,0.0043928
Fe55,26,55,-1,150,8.0302e-05
Fe56,26,56,-1,150,0.0011895
Fe57,26,57,-1,150,4.3909e-05
Fe58,26,58,-1,150,6.7526e-05
Fe59,26,59,-1,150,2.4725e-06
Fe60,26,60,-1,150,7.301e-07
Fe61,26,61,-1,150,5.0763e-17
Co54,27,54,-1,150,1.0394e-59
Co55,27,55,-1,150,0.00023692
Co56,27,56,-1,150,4.0355e-06
Co57,27,57,-1,150,0.00011845
Co58,27,58,-1,150,2.0723e-07
Co59,27,59,-1,150,2.6446e-05
Co60,27,60,-1,150,1.4965e-06
Co61,27,61,-1,150,2.5982e-08
Ni56,28,56,-1,150,0.07
Ni57,28,57,-1,150,0.0021925
Ni58,28,58,-1,150,0.0048409
Ni59,28,59,-1,150,0.00011061
Ni60,28,60,-1,150,0.0014531
Ni61,28,61,-1,150,4.8639e-05
Ni62,28,62,-1,150,5.977e-05
Ni63,28,63,-1,150,9.0802e-06
Ni64,28,64,-1,150,3.1125e-05
Ni65,28,65,-1,150,5.7895e-08
Cu57,29,57,-1,150,1.0394e-59
Cu58,29,58,-1,150,1.4681999999999998e-43
Cu59,29,59,-1,150,1.3415999999999999e-21
Cu60,29,60,-1,150,2.9732e-08
Cu61,29,61,-1,150,2.8144e-05
Cu62,29,62,-1,150,3.8505e-07
Cu63,29,63,-1,150,1.2651e-05
Cu64,29,64,-1,150,6.4509e-07
Cu65,29,65,-1,150,1.9294e-05
Cu66,29,66,-1,150,2.0286e-14
Zn60,30,60,-1,150,6.440900000000001e-25
Zn61,30,61,-1,150,2.1245e-27
Zn62,30,62,-1,150,0.00052004
Zn63,30,63,-1,150,1.6756e-09
Zn64,30,64,-1,150,1.9371e-05
Zn65,30,65,-1,150,2.0472e-06
Zn66,30,66,-1,150,2.906e-05
Zn67,30,67,-1,150,4.2481e-06
Zn68,30,68,-1,150,2.6369e-05
Zn69,30,69,-1,150,3.8891e-09
Zn70,30,70,-1,150,6.8156e-07
Zn71,30,71,-1,150,1.6441999999999999e-21
Ga62,31,62,-1,150,1.0394e-59
Ga63,31,63,-1,150,4.4221e-36
Ga64,31,64,-1,150,3.0451e-28
Ga65,31,65,-1,150,1.0653e-13
Ga66,31,66,-1,150,5.1535e-06
Ga67,31,67,-1,150,9.0676e-08
Ga68,31,68,-1,150,4.762e-10
Ga69,31,69,-1,150,5.1273e-06
Ga70,31,70,-1,150,1.6874e-12
Ga71,31,71,-1,150,3.3949e-06
Ga72,31,72,-1,150,2.7758e-07
Ge64,32,64,-1,150,5.566e-38
Ge65,32,65,-1,150,1.8016999999999997e-40
Ge66,32,66,-1,150,1.0099e-06
Ge67,32,67,-1,150,4.3913e-15
Ge68,32,68,-1,150,1.0987e-07
Ge69,32,69,-1,150,1.4019e-08
Ge70,32,70,-1,150,8.5716e-06
Ge71,32,71,-1,150,6.0536e-07
Ge72,32,72,-1,150,7.0827e-06
Ge73,32,73,-1,150,1.6018e-06
Ge74,32,74,-1,150,8.6799e-06
Ge75,32,75,-1,150,3.4928e-09
Ge76,32,76,-1,150,3.9825e-07
Ge77,32,77,-1,150,3.0974e-08
As71,33,71,-1,150,7.3857e-10
As72,33,72,-1,150,1.8937e-09
As73,33,73,-1,150,1.0805e-07
As74,33,74,-1,150,2.4281e-08
As75,33,75,-1,150,2.0108e-06
As76,33,76,-1,150,6.9006e-08
As77,33,77,-1,150,3.2665e-07
Se74,34,74,-1,150,5.7988e-07
Se75,34,75,-1,150,8.1035e-08
Se76,34,76,-1,150,2.7935e-06
Se77,34,77,-1,150,6.4892e-07
Se78,34,78,-1,150,4.033e-06
Se79,34,79,-1,150,5.9648e-07
Se80,34,80,-1,150,2.9583e-06
Se81,34,81,-1,150,2.4397e-14
Se82,34,82,-1,150,2.297e-07
Se83,34,83,-1,150,3.1653e-14
Br75,35,75,-1,150,3.0384e-13
Br76,35,76,-1,150,1.4718e-10
Br77,35,77,-1,150,6.4249e-09
Br78,35,78,-1,150,5.277e-17
Br79,35,79,-1,150,2.7139e-07
Br80,35,80,-1,150,4.1289e-13
Br81,35,81,-1,150,8.0424e-07
Br82,35,82,-1,150,2.556e-08
Br83,35,83,-1,150,3.0132e-08
Kr78,36,78,-1,150,5.6905e-08
Kr79,36,79,-1,150,1.9539e-09
Kr80,36,80,-1,150,4.8527e-07
Kr81,36,81,-1,150,1.25e-07
Kr82,36,82,-1,150,1.7496e-06
Kr83,36,83,-1,150,7.9067e-07
Kr84,36,84,-1,150,3.2199e-06
Kr85,36,85,-1,150,6.7155e-07
Kr86,36,86,-1,150,1.6096e-06
Kr87,36,87,-1,150,2.6428e-11
Rb79,37,79,-1,150,4.5459e-18
Rb80,37,80,-1,150,1.6736e-26
Rb81,37,81,-1,150,1.685e-11
Rb82,37,82,-1,150,1.8442e-11
Rb83,37,83,-1,150,4.9362e-09
Rb84,37,84,-1,150,6.9527e-10
Rb85,37,85,-1,150,4.7831e-07
Rb86,37,86,-1,150,1.2429e-07
Rb87,37,87,-1,150,7.2401e-07
Rb88,37,88,-1,150,3.1798e-15
Sr84,38,84,-1,150,6.5084e-08
Sr85,38,85,-1,150,1.3997e-09
Sr86,38,86,-1,150,8.5581e-07
Sr87,38,87,-1,150,5.839e-07
Sr88,38,88,-1,150,4.3346e-06
Sr89,38,89,-1,150,1.4204e-07
Sr90,38,90,-1,150,3.6081e-08
Sr91,38,91,-1,150,3.9679e-10
Y85,39,85,-1,150,5.0694e-12
Y86,39,86,-1,150,1.0631e-12
Y87,39,87,-1,150,4.7587e-10
Y88,39,88,-1,150,3.8682e-10
Y89,39,89,-1,150,7.4428e-07
Y90,39,90,-1,150,4.3876e-09
Y91,39,91,-1,150,1.1115e-08
Zr90,40,90,-1,150,4.8582e-07
Zr91,40,91,-1,150,1.1292e-07
Zr92,40,92,-1,150,1.5825e-07
Zr93,40,93,-1,150,4.0822e-08
Zr94,40,94,-1,150,9.1292e-08
Zr95,40,95,-1,150,1.1518e-08
Zr96,40,96,-1,150,1.3639e-08
Zr97,40,97,-1,150,3.2661e-11
Nb91,41,91,-1,150,9.2067e-10
Nb92,41,92,-1,150,4.996e-11
Nb93,41,93,-1,150,2.1372e-09
Nb94,41,94,-1,150,1.4311e-11
Nb95,41,95,-1,150,5.0754e-10
Nb96,41,96,-1,150,1.3918e-11
Nb97,41,97,-1,150,3.6296e-12
Mo92,42,92,-1,150,8.186e-09
Mo93,42,93,-1,150,1.0852e-10
Mo94,42,94,-1,150,1.9497e-09
Mo95,42,95,-1,150,3.4945e-09
Mo96,42,96,-1,150,1.165e-08
Mo97,42,97,-1,150,4.0298e-09
Mo98,42,98,-1,150,1.2565e-08
Xe132,53,132,-1,150,2.5783e-08
Xe133,53,133,-1,150,2.6854e-09
Xe134,53,134,-1,150,5.2374e-09
Xe135,53,135,-1,150,7.9961e-11
Cs133,54,133,-1,150,2.9531e-09
Cs134,54,134,-1,150,3.0006e-10
Cs135,54,135,-1,150,1.3757e-09
Cs136,54,136,-1,150,5.5464e-10
Cs137,54,137,-1,150,1.5856e-09
Cs138,54,138,-1,150,4.6965e-18
Ba134,55,134,-1,150,4.8338e-09
Ba135,55,135,-1,150,2.465e-09
Ba136,55,136,-1,150,1.4505e-08
Ba137,55,137,-1,150,1.0942e-08
Ba138,55,138,-1,150,5.4172e-08
Ba139,55,139,-1,150,2.8957e-13
La138,56,138,-1,150,1.7658e-12
La139,56,139,-1,150,5.03e-09
La140,56,140,-1,150,6.6988e-12
Ce140,57,140,-1,150,8.7322e-09
Ce141,57,141,-1,150,3.0182e-10
Pr141,58,141,-1,150,9.4777e-10
Pr142,58,142,-1,150,1.2127e-11
Nd142,59,142,-1,150,2.4023e-09
Nd143,59,143,-1,150,4.3493e-10
Nd144,59,144,-1,150,1.0231e-09
Hg202,78,202,-1,150,1.324e-09
Hg203,78,203,-1,150,5.8504e-11
Hg204,78,204,-1,150,1.7664e-10
Hg205,78,205,-1,150,1.4153e-20
Tl203,79,203,-1,150,6.3428e-10
Tl204,79,204,-1,150,3.7668e-11
Tl205,79,205,-1,150,1.1516e-09
Tl206,79,206,-1,150,2.0745000000000003e-19
Pb204,80,204,-1,150,6.4562e-10
Pb205,80,205,-1,150,1.589e-10
Pb206,80,206,-1,150,3.5779e-09
Pb207,80,207,-1,150,3.3303e-09
Pb208,80,208,-1,150,8.1961e-09
Pb209,80,209,-1,150,2.0532e-15
Bi208,81,208,-1,150,5.987e-11
Bi209,81,209,-1,150,8.0848e-10
