name,Z,A,[Fe/H],Vel,YieldTot
C12,6,12,-2,300,0.31585
C13,6,13,-2,300,4.8505e-05
C14,6,14,-2,300,0.0010511
N13,7,13,-2,300,1.5947e-12
N14,7,14,-2,300,0.015888
N15,7,15,-2,300,0.00031172
N16,7,16,-2,300,6.477699999999999e-28
O15,8,15,-2,300,8.345e-16
O16,8,16,-2,300,3.7066
O17,8,17,-2,300,0.00013429
O18,8,18,-2,300,0.041323
O19,8,19,-2,300,3.9855e-21
F17,0,17,-2,300,4.1438e-17
F18,0,18,-2,300,1.6373e-07
F19,0,19,-2,300,0.00019593
F20,0,20,-2,300,2.2552000000000003e-19
Ne20,10,20,-2,300,0.17943
Ne21,10,21,-2,300,0.0021246
Ne22,10,22,-2,300,0.11678
Ne23,10,23,-2,300,4.3622e-15
Na21,11,21,-2,300,1.6715e-15
Na22,11,22,-2,300,6.1789e-07
Na23,11,23,-2,300,0.0013785
Na24,11,24,-2,300,7.5811e-07
Mg23,12,23,-2,300,4.6895e-15
Mg24,12,24,-2,300,0.037297
Mg25,12,25,-2,300,0.032827
Mg26,12,26,-2,300,0.042688
Mg27,12,27,-2,300,3.0823e-11
Al25,13,25,-2,300,2.0706e-17
Al26,13,26,-2,300,5.4455e-05
Al27,13,27,-2,300,0.0031995
Al28,13,28,-2,300,3.12e-13
Si27,14,27,-2,300,8.1271e-19
Si28,14,28,-2,300,0.19064
Si29,14,29,-2,300,0.005391
Si30,14,30,-2,300,0.0065096
Si31,14,31,-2,300,2.8766e-07
Si32,14,32,-2,300,4.2025e-08
P29,15,29,-2,300,8.658699999999999e-21
P30,15,30,-2,300,2.1589e-12
P31,15,31,-2,300,0.0016912
P32,15,32,-2,300,5.281e-06
P33,15,33,-2,300,3.3267e-06
P34,15,34,-2,300,8.887e-20
S31,16,31,-2,300,1.7266999999999999e-22
S32,16,32,-2,300,0.11262
S33,16,33,-2,300,0.00093684
S34,16,34,-2,300,0.010498
S35,16,35,-2,300,7.8933e-06
S36,16,36,-2,300,4.9894e-06
S37,16,37,-2,300,3.6866000000000004e-19
Cl33,17,33,-2,300,1.3880000000000002e-25
Cl34,17,34,-2,300,2.1301e-26
Cl35,17,35,-2,300,0.00065596
Cl36,17,36,-2,300,6.1562e-06
Cl37,17,37,-2,300,9.1488e-06
Cl38,17,38,-2,300,3.2276e-12
Ar36,18,36,-2,300,0.021335
Ar37,18,37,-2,300,9.4388e-05
Ar38,18,38,-2,300,0.0058211
Ar39,18,39,-2,300,3.6299e-07
Ar40,18,40,-2,300,3.0536e-07
Ar41,18,41,-2,300,4.514e-11
K37,19,37,-2,300,4.4477e-33
K38,19,38,-2,300,1.0896e-13
K39,19,39,-2,300,0.00042456
K40,19,40,-2,300,5.9635e-07
K41,19,41,-2,300,2.8e-07
K42,19,42,-2,300,1.0818e-08
Ca40,20,40,-2,300,0.018465
Ca41,20,41,-2,300,2.6106e-05
Ca42,20,42,-2,300,0.00022312
Ca43,20,43,-2,300,7.3088e-07
Ca44,20,44,-2,300,1.5311e-06
Ca45,20,45,-2,300,1.8782e-07
Ca46,20,46,-2,300,2.5851e-07
Ca47,20,47,-2,300,6.0352e-08
Ca48,20,48,-2,300,5.3034e-08
Ca49,20,49,-2,300,2.2364e-18
Sc41,21,41,-2,300,5.5937e-46
Sc42,21,42,-2,300,2.3016e-41
Sc43,21,43,-2,300,2.8919e-08
Sc44,21,44,-2,300,1.062e-08
Sc45,21,45,-2,300,9.728e-07
Sc46,21,46,-2,300,2.6869e-08
Sc47,21,47,-2,300,2.8976e-08
Sc48,21,48,-2,300,8.2154e-09
Sc49,21,49,-2,300,2.6712e-11
Ti44,22,44,-2,300,3.2447e-05
Ti45,22,45,-2,300,2.1547e-07
Ti46,22,46,-2,300,8.4942e-05
Ti47,22,47,-2,300,2.1573e-06
Ti48,22,48,-2,300,1.261e-06
Ti49,22,49,-2,300,3.4047e-07
Ti50,22,50,-2,300,2.4293e-06
Ti51,22,51,-2,300,1.6327e-15
V45,23,45,-2,300,2.8915e-52
V46,23,46,-2,300,8.3993e-52
V47,23,47,-2,300,1.2702e-10
V48,23,48,-2,300,2.5436e-07
V49,23,49,-2,300,3.4604e-06
V50,23,50,-2,300,2.167e-08
V51,23,51,-2,300,4.3764e-07
V52,23,52,-2,300,3.8037e-15
Cr48,24,48,-2,300,7.6557e-05
Cr49,24,49,-2,300,6.6472e-09
Cr50,24,50,-2,300,0.00013189
Cr51,24,51,-2,300,9.8382e-06
Cr52,24,52,-2,300,2.3398e-05
Cr53,24,53,-2,300,3.5513e-07
Cr54,24,54,-2,300,1.2596e-06
Cr55,24,55,-2,300,3.1086e-16
Mn50,25,50,-2,300,1.3038e-59
Mn51,25,51,-2,300,1.2639e-08
Mn52,25,52,-2,300,0.00014595
Mn53,25,53,-2,300,6.2163e-05
Mn54,25,54,-2,300,1.0603e-07
Mn55,25,55,-2,300,1.5229e-06
Mn56,25,56,-2,300,4.0578e-09
Mn57,25,57,-2,300,8.6109e-18
Fe52,26,52,-2,300,0.00043894
Fe53,26,53,-2,300,7.8812e-15
Fe54,26,54,-2,300,0.0050089
Fe55,26,55,-2,300,0.00012918
Fe56,26,56,-2,300,0.0003592
Fe57,26,57,-2,300,4.6643e-06
Fe58,26,58,-2,300,4.4816e-06
Fe59,26,59,-2,300,1.0672e-06
Fe60,26,60,-2,300,2.4033e-06
Fe61,26,61,-2,300,1.5747e-16
Co54,27,54,-2,300,1.3038e-59
Co55,27,55,-2,300,0.00017959
Co56,27,56,-2,300,2.7904e-06
Co57,27,57,-2,300,0.00013076
Co58,27,58,-2,300,3.525e-08
Co59,27,59,-2,300,1.1778e-06
Co60,27,60,-2,300,4.837e-08
Co61,27,61,-2,300,4.2574e-09
Ni56,28,56,-2,300,0.07
Ni57,28,57,-2,300,0.0022539
Ni58,28,58,-2,300,0.0048466
Ni59,28,59,-2,300,0.00011664
Ni60,28,60,-2,300,0.0013499
Ni61,28,61,-2,300,3.6424e-05
Ni62,28,62,-2,300,1.2556e-05
Ni63,28,63,-2,300,5.0635e-07
Ni64,28,64,-2,300,1.9527e-06
Ni65,28,65,-2,300,1.3793e-09
Cu57,29,57,-2,300,1.3038e-59
Cu58,29,58,-2,300,2.0546e-39
Cu59,29,59,-2,300,5.8558e-22
Cu60,29,60,-2,300,2.8558e-08
Cu61,29,61,-2,300,2.8296e-05
Cu62,29,62,-2,300,3.573e-07
Cu63,29,63,-2,300,1.1789e-06
Cu64,29,64,-2,300,7.2081e-09
Cu65,29,65,-2,300,9.3662e-07
Cu66,29,66,-2,300,4.8076e-15
Zn60,30,60,-2,300,6.950500000000001e-25
Zn61,30,61,-2,300,4.8314e-25
Zn62,30,62,-2,300,0.00055796
Zn63,30,63,-2,300,1.2855e-09
Zn64,30,64,-2,300,6.5169e-06
Zn65,30,65,-2,300,5.0425e-07
Zn66,30,66,-2,300,3.1321e-06
Zn67,30,67,-2,300,1.6697e-07
Zn68,30,68,-2,300,1.5211e-06
Zn69,30,69,-2,300,2.7291e-10
Zn70,30,70,-2,300,1.854e-07
Zn71,30,71,-2,300,4.5552e-20
Ga62,31,62,-2,300,1.3038e-59
Ga63,31,63,-2,300,2.3126e-34
Ga64,31,64,-2,300,1.9004e-26
Ga65,31,65,-2,300,1.0217e-13
Ga66,31,66,-2,300,5.2613e-06
Ga67,31,67,-2,300,1.9728e-08
Ga68,31,68,-2,300,6.8966e-12
Ga69,31,69,-2,300,2.4186e-07
Ga70,31,70,-2,300,3.1996e-12
Ga71,31,71,-2,300,2.9401e-07
Ga72,31,72,-2,300,1.6653e-08
Ge64,32,64,-2,300,6.2463e-35
Ge65,32,65,-2,300,4.0371e-37
Ge66,32,66,-2,300,1.0313e-06
Ge67,32,67,-2,300,4.5921e-15
Ge68,32,68,-2,300,3.0548e-08
Ge69,32,69,-2,300,5.7894e-11
Ge70,32,70,-2,300,4.0248e-07
Ge71,32,71,-2,300,3.4259e-08
Ge72,32,72,-2,300,5.5683e-07
Ge73,32,73,-2,300,1.2423e-07
Ge74,32,74,-2,300,9.2386e-07
Ge75,32,75,-2,300,6.1525e-10
Ge76,32,76,-2,300,2.732e-07
Ge77,32,77,-2,300,3.8005e-09
As71,33,71,-2,300,4.1648e-12
As72,33,72,-2,300,2.8618e-12
As73,33,73,-2,300,1.0367e-09
As74,33,74,-2,300,1.7464e-10
As75,33,75,-2,300,1.9595e-07
As76,33,76,-2,300,4.8491e-09
As77,33,77,-2,300,8.2124e-08
Se74,34,74,-2,300,9.4777e-08
Se75,34,75,-2,300,1.7976e-09
Se76,34,76,-2,300,3.5681e-07
Se77,34,77,-2,300,8.4547e-08
Se78,34,78,-2,300,5.8833e-07
Se79,34,79,-2,300,8.0486e-08
Se80,34,80,-2,300,3.7591e-07
Se81,34,81,-2,300,4.6422e-14
Se82,34,82,-2,300,1.8734e-07
Se83,34,83,-2,300,2.3557e-14
Br75,35,75,-2,300,1.2914e-14
Br76,35,76,-2,300,2.0053e-13
Br77,35,77,-2,300,1.3507e-10
Br78,35,78,-2,300,5.1987e-16
Br79,35,79,-2,300,2.9276e-08
Br80,35,80,-2,300,1.1025e-12
Br81,35,81,-2,300,1.0626e-07
Br82,35,82,-2,300,2.9311e-09
Br83,35,83,-2,300,9.8659e-09
Kr78,36,78,-2,300,3.5195e-08
Kr79,36,79,-2,300,7.9211e-10
Kr80,36,80,-2,300,2.2005e-07
Kr81,36,81,-2,300,2.5522e-08
Kr82,36,82,-2,300,4.3722e-07
Kr83,36,83,-2,300,2.0612e-07
Kr84,36,84,-2,300,9.9419e-07
Kr85,36,85,-2,300,1.8204e-07
Kr86,36,86,-2,300,1.2638e-06
Kr87,36,87,-2,300,6.1775e-12
Rb79,37,79,-2,300,9.3463e-18
Rb80,37,80,-2,300,2.1563e-23
Rb81,37,81,-2,300,4.004e-12
Rb82,37,82,-2,300,3.8094e-13
Rb83,37,83,-2,300,1.4168e-09
Rb84,37,84,-2,300,4.7841e-11
Rb85,37,85,-2,300,1.6447e-07
Rb86,37,86,-2,300,3.6641e-08
Rb87,37,87,-2,300,7.4272e-07
Rb88,37,88,-2,300,3.0722e-14
Sr84,38,84,-2,300,5.2883e-07
Sr85,38,85,-2,300,1.8736e-08
Sr86,38,86,-2,300,9.7684e-07
Sr87,38,87,-2,300,3.3163e-07
Sr88,38,88,-2,300,1.4235e-05
Sr89,38,89,-2,300,7.5581e-07
Sr90,38,90,-2,300,6.5641e-07
Sr91,38,91,-2,300,7.0131e-10
Y85,39,85,-2,300,8.4744e-13
Y86,39,86,-2,300,3.8694e-12
Y87,39,87,-2,300,1.3203e-09
Y88,39,88,-2,300,1.5122e-09
Y89,39,89,-2,300,3.9946e-06
Y90,39,90,-2,300,8.1946e-08
Y91,39,91,-2,300,5.0468e-07
Zr90,40,90,-2,300,1.0321e-05
Zr91,40,91,-2,300,1.1019e-06
Zr92,40,92,-2,300,3.0348e-06
Zr93,40,93,-2,300,8.366e-07
Zr94,40,94,-2,300,3.3836e-06
Zr95,40,95,-2,300,4.6154e-07
Zr96,40,96,-2,300,1.8789e-06
Zr97,40,97,-2,300,2.4894e-10
Nb91,41,91,-2,300,1.1798e-08
Nb92,41,92,-2,300,1.1004e-09
Nb93,41,93,-2,300,1.166e-08
Nb94,41,94,-2,300,9.2201e-10
Nb95,41,95,-2,300,1.8889e-08
Nb96,41,96,-2,300,3.2918e-10
Nb97,41,97,-2,300,6.8898e-11
Mo92,42,92,-2,300,1.4844e-06
Mo93,42,93,-2,300,7.9356e-08
Mo94,42,94,-2,300,1.094e-06
Mo95,42,95,-2,300,1.3596e-07
Mo96,42,96,-2,300,7.3457e-07
Mo97,42,97,-2,300,1.7858e-07
Mo98,42,98,-2,300,6.4112e-07
Xe132,53,132,-2,300,1.7034e-06
Xe133,53,133,-2,300,2.0495e-07
Xe134,53,134,-2,300,1.413e-06
Xe135,53,135,-2,300,3.1016e-08
Cs133,54,133,-2,300,2.5969e-07
Cs134,54,134,-2,300,1.218e-08
Cs135,54,135,-2,300,1.5425e-07
Cs136,54,136,-2,300,6.8111e-08
Cs137,54,137,-2,300,1.0783e-06
Cs138,54,138,-2,300,2.0402e-15
Ba134,55,134,-2,300,6.8485e-07
Ba135,55,135,-2,300,1.2614e-07
Ba136,55,136,-2,300,1.5171e-06
Ba137,55,137,-2,300,8.4401e-07
Ba138,55,138,-2,300,1.4368e-05
Ba139,55,139,-2,300,1.4387e-11
La138,56,138,-2,300,2.9137e-10
La139,56,139,-2,300,1.5773e-06
La140,56,140,-2,300,2.7279e-10
Ce140,57,140,-2,300,3.4067e-06
Ce141,57,141,-2,300,1.8993e-06
Pr141,58,141,-2,300,3.174e-07
Pr142,58,142,-2,300,1.871e-09
Nd142,59,142,-2,300,9.6305e-07
Nd143,59,143,-2,300,6.1288e-08
Nd144,59,144,-2,300,1.9274e-07
Hg202,78,202,-2,300,4.1653e-07
Hg203,78,203,-2,300,2.5572e-08
Hg204,78,204,-2,300,4.4869e-08
Hg205,78,205,-2,300,2.2593e-17
Tl203,79,203,-2,300,1.3557e-07
Tl204,79,204,-2,300,1.7712e-08
Tl205,79,205,-2,300,2.7231e-07
Tl206,79,206,-2,300,4.2211e-16
Pb204,80,204,-2,300,1.774e-07
Pb205,80,205,-2,300,4.7364e-08
Pb206,80,206,-2,300,9.6972e-07
Pb207,80,207,-2,300,8.4256e-07
Pb208,80,208,-2,300,1.1796e-06
Pb209,80,209,-2,300,1.3733e-14
Bi208,81,208,-2,300,4.4259e-09
Bi209,81,209,-2,300,3.9538e-08
