name,Z,A,[Fe/H],Vel,YieldTot
C12,6,12,-2,300,0.036052
C13,6,13,-2,300,0.0026068
C14,6,14,-2,300,3.9042e-12
N13,7,13,-2,300,7.2547e-13
N14,7,14,-2,300,0.049264
N15,7,15,-2,300,9.7055e-07
N16,7,16,-2,300,0.0
O15,8,15,-2,300,2.4223e-14
O16,8,16,-2,300,0.021737
O17,8,17,-2,300,1.2637e-05
O18,8,18,-2,300,9.4481e-07
O19,8,19,-2,300,0.0
F17,0,17,-2,300,8.7112e-17
F18,0,18,-2,300,2.2179e-17
F19,0,19,-2,300,6.0119e-08
F20,0,20,-2,300,0.0
Ne20,10,20,-2,300,0.00021705
Ne21,10,21,-2,300,4.3833e-06
Ne22,10,22,-2,300,0.00021651
Ne23,10,23,-2,300,0.0
Na21,11,21,-2,300,0.0
Na22,11,22,-2,300,1.2696e-16
Na23,11,23,-2,300,4.1936e-05
Na24,11,24,-2,300,0.0
Mg23,12,23,-2,300,0.0
Mg24,12,24,-2,300,0.00017021
Mg25,12,25,-2,300,1.4781e-05
Mg26,12,26,-2,300,2.2331e-05
Mg27,12,27,-2,300,0.0
Al25,13,25,-2,300,0.0
Al26,13,26,-2,300,4.3883e-07
Al27,13,27,-2,300,2.3087e-05
Al28,13,28,-2,300,0.0
Si27,14,27,-2,300,0.0
Si28,14,28,-2,300,0.00027133
Si29,14,29,-2,300,1.4191e-05
Si30,14,30,-2,300,9.9634e-06
Si31,14,31,-2,300,0.0
Si32,14,32,-2,300,0.0
P29,15,29,-2,300,0.0
P30,15,30,-2,300,0.0
P31,15,31,-2,300,1.113e-06
P32,15,32,-2,300,5.5986e-33
P33,15,33,-2,300,0.0
P34,15,34,-2,300,0.0
S31,16,31,-2,300,0.0
S32,16,32,-2,300,0.00011216
S33,16,33,-2,300,1.1672e-06
S34,16,34,-2,300,5.614e-06
S35,16,35,-2,300,4.7101e-32
S36,16,36,-2,300,2.6674e-08
S37,16,37,-2,300,0.0
Cl33,17,33,-2,300,0.0
Cl34,17,34,-2,300,0.0
Cl35,17,35,-2,300,1.0462e-06
Cl36,17,36,-2,300,2.4634e-09
Cl37,17,37,-2,300,4.9876e-07
Cl38,17,38,-2,300,0.0
Ar36,18,36,-2,300,2.1333e-05
Ar37,18,37,-2,300,9.429600000000002e-25
Ar38,18,38,-2,300,4.1437e-06
Ar39,18,39,-2,300,9.7646e-26
Ar40,18,40,-2,300,7.0631e-09
Ar41,18,41,-2,300,0.0
K37,19,37,-2,300,0.0
K38,19,38,-2,300,0.0
K39,19,39,-2,300,4.9703e-07
K40,19,40,-2,300,5.0146e-09
K41,19,41,-2,300,4.1716e-08
K42,19,42,-2,300,0.0
Ca40,20,40,-2,300,2.3691e-05
Ca41,20,41,-2,300,2.6476e-08
Ca42,20,42,-2,300,2.1893e-07
Ca43,20,43,-2,300,4.8072e-08
Ca44,20,44,-2,300,6.1023e-07
Ca45,20,45,-2,300,3.6289000000000002e-31
Ca46,20,46,-2,300,1.1257e-09
Ca47,20,47,-2,300,4.8989999999999996e-36
Ca48,20,48,-2,300,5.5127e-08
Ca49,20,49,-2,300,0.0
Sc41,21,41,-2,300,0.0
Sc42,21,42,-2,300,0.0
Sc43,21,43,-2,300,0.0
Sc44,21,44,-2,300,0.0
Sc45,21,45,-2,300,1.3826e-08
Sc46,21,46,-2,300,3.3234000000000003e-31
Sc47,21,47,-2,300,3.7333999999999996e-36
Sc48,21,48,-2,300,0.0
Sc49,21,49,-2,300,0.0
Ti44,22,44,-2,300,0.0
Ti45,22,45,-2,300,0.0
Ti46,22,46,-2,300,9.7967e-08
Ti47,22,47,-2,300,8.1149e-08
Ti48,22,48,-2,300,7.8768e-07
Ti49,22,49,-2,300,6.7488e-08
Ti50,22,50,-2,300,7.4202e-08
Ti51,22,51,-2,300,0.0
V45,23,45,-2,300,0.0
V46,23,46,-2,300,0.0
V47,23,47,-2,300,0.0
V48,23,48,-2,300,0.0
V49,23,49,-2,300,0.0
V50,23,50,-2,300,1.3201e-10
V51,23,51,-2,300,5.4511e-08
V52,23,52,-2,300,0.0
Cr48,24,48,-2,300,0.0
Cr49,24,49,-2,300,0.0
Cr50,24,50,-2,300,1.1766e-07
Cr51,24,51,-2,300,1.9489000000000002e-25
Cr52,24,52,-2,300,2.3749e-06
Cr53,24,53,-2,300,2.7409e-07
Cr54,24,54,-2,300,8.0751e-08
Cr55,24,55,-2,300,0.0
Mn50,25,50,-2,300,0.0
Mn51,25,51,-2,300,0.0
Mn52,25,52,-2,300,0.0
Mn53,25,53,-2,300,0.0
Mn54,25,54,-2,300,0.0
Mn55,25,55,-2,300,1.851e-06
Mn56,25,56,-2,300,0.0
Mn57,25,57,-2,300,0.0
Fe52,26,52,-2,300,0.0
Fe53,26,53,-2,300,0.0
Fe54,26,54,-2,300,1.239e-05
Fe55,26,55,-2,300,6.8968e-15
Fe56,26,56,-2,300,0.00020259
Fe57,26,57,-2,300,4.9332e-06
Fe58,26,58,-2,300,1.216e-06
Fe59,26,59,-2,300,2.6991e-30
Fe60,26,60,-2,300,1.0044e-11
Fe61,26,61,-2,300,0.0
Co54,27,54,-2,300,0.0
Co55,27,55,-2,300,0.0
Co56,27,56,-2,300,0.0
Co57,27,57,-2,300,0.0
Co58,27,58,-2,300,0.0
Co59,27,59,-2,300,8.7668e-07
Co60,27,60,-2,300,1.8283e-17
Co61,27,61,-2,300,0.0
Ni56,28,56,-2,300,0.0
Ni57,28,57,-2,300,0.0
Ni58,28,58,-2,300,8.1359e-06
Ni59,28,59,-2,300,4.5611e-09
Ni60,28,60,-2,300,3.4493e-06
Ni61,28,61,-2,300,2.1666e-07
Ni62,28,62,-2,300,6.4515e-07
Ni63,28,63,-2,300,9.7781e-26
Ni64,28,64,-2,300,2.1221e-07
Ni65,28,65,-2,300,0.0
Cu57,29,57,-2,300,0.0
Cu58,29,58,-2,300,0.0
Cu59,29,59,-2,300,0.0
Cu60,29,60,-2,300,0.0
Cu61,29,61,-2,300,0.0
Cu62,29,62,-2,300,0.0
Cu63,29,63,-2,300,1.7697e-07
Cu64,29,64,-2,300,5.3157e-32
Cu65,29,65,-2,300,1.427e-07
Cu66,29,66,-2,300,0.0
Zn60,30,60,-2,300,0.0
Zn61,30,61,-2,300,0.0
Zn62,30,62,-2,300,0.0
Zn63,30,63,-2,300,0.0
Zn64,30,64,-2,300,1.9281e-07
Zn65,30,65,-2,300,3.89e-27
Zn66,30,66,-2,300,1.4841e-07
Zn67,30,67,-2,300,2.6459e-08
Zn68,30,68,-2,300,1.2603e-07
Zn69,30,69,-2,300,0.0
Zn70,30,70,-2,300,1.9581e-09
Zn71,30,71,-2,300,0.0
Ga62,31,62,-2,300,0.0
Ga63,31,63,-2,300,0.0
Ga64,31,64,-2,300,0.0
Ga65,31,65,-2,300,0.0
Ga66,31,66,-2,300,0.0
Ga67,31,67,-2,300,0.0
Ga68,31,68,-2,300,0.0
Ga69,31,69,-2,300,1.5581e-08
Ga70,31,70,-2,300,0.0
Ga71,31,71,-2,300,1.239e-08
Ga72,31,72,-2,300,0.0
Ge64,32,64,-2,300,0.0
Ge65,32,65,-2,300,0.0
Ge66,32,66,-2,300,0.0
Ge67,32,67,-2,300,0.0
Ge68,32,68,-2,300,0.0
Ge69,32,69,-2,300,0.0
Ge70,32,70,-2,300,2.2256e-08
Ge71,32,71,-2,300,7.0328e-32
Ge72,32,72,-2,300,2.3745e-08
Ge73,32,73,-2,300,6.5583e-09
Ge74,32,74,-2,300,3.1687e-08
Ge75,32,75,-2,300,0.0
Ge76,32,76,-2,300,3.21e-09
Ge77,32,77,-2,300,0.0
As71,33,71,-2,300,0.0
As72,33,72,-2,300,0.0
As73,33,73,-2,300,0.0
As74,33,74,-2,300,0.0
As75,33,75,-2,300,3.4878e-09
As76,33,76,-2,300,0.0
As77,33,77,-2,300,0.0
Se74,34,74,-2,300,1.7862e-10
Se75,34,75,-2,300,1.6614e-33
Se76,34,76,-2,300,5.4318e-09
Se77,34,77,-2,300,2.9463e-09
Se78,34,78,-2,300,1.2243e-08
Se79,34,79,-2,300,4.6787e-13
Se80,34,80,-2,300,1.0851e-08
Se81,34,81,-2,300,0.0
Se82,34,82,-2,300,1.9506e-09
Se83,34,83,-2,300,0.0
Br75,35,75,-2,300,0.0
Br76,35,76,-2,300,0.0
Br77,35,77,-2,300,0.0
Br78,35,78,-2,300,0.0
Br79,35,79,-2,300,2.3951e-09
Br80,35,80,-2,300,0.0
Br81,35,81,-2,300,1.8706e-09
Br82,35,82,-2,300,0.0
Br83,35,83,-2,300,0.0
Kr78,36,78,-2,300,6.2246e-11
Kr79,36,79,-2,300,0.0
Kr80,36,80,-2,300,1.8654e-09
Kr81,36,81,-2,300,5.4455e-10
Kr82,36,82,-2,300,5.9785e-09
Kr83,36,83,-2,300,3.3022e-09
Kr84,36,84,-2,300,1.5278e-08
Kr85,36,85,-2,300,5.5954e-30
Kr86,36,86,-2,300,3.3021e-09
Kr87,36,87,-2,300,0.0
Rb79,37,79,-2,300,0.0
Rb80,37,80,-2,300,0.0
Rb81,37,81,-2,300,0.0
Rb82,37,82,-2,300,0.0
Rb83,37,83,-2,300,0.0
Rb84,37,84,-2,300,0.0
Rb85,37,85,-2,300,3.3019e-09
Rb86,37,86,-2,300,2.0856999999999999e-32
Rb87,37,87,-2,300,1.0499e-09
Rb88,37,88,-2,300,0.0
Sr84,38,84,-2,300,4.3072e-11
Sr85,38,85,-2,300,2.2669e-34
Sr86,38,86,-2,300,3.087e-09
Sr87,38,87,-2,300,1.8295e-09
Sr88,38,88,-2,300,1.1364e-08
Sr89,38,89,-2,300,4.1539e-33
Sr90,38,90,-2,300,0.0
Sr91,38,91,-2,300,0.0
Y85,39,85,-2,300,0.0
Y86,39,86,-2,300,0.0
Y87,39,87,-2,300,0.0
Y88,39,88,-2,300,0.0
Y89,39,89,-2,300,2.5372e-09
Y90,39,90,-2,300,0.0
Y91,39,91,-2,300,0.0
Zr90,40,90,-2,300,2.5742e-09
Zr91,40,91,-2,300,5.6179e-10
Zr92,40,92,-2,300,8.5139e-10
Zr93,40,93,-2,300,2.7068e-11
Zr94,40,94,-2,300,8.3977e-10
Zr95,40,95,-2,300,1.0433e-33
Zr96,40,96,-2,300,0.0
Zr97,40,97,-2,300,0.0
Nb91,41,91,-2,300,0.0
Nb92,41,92,-2,300,0.0
Nb93,41,93,-2,300,3.3386e-10
Nb94,41,94,-2,300,1.0369999999999999e-22
Nb95,41,95,-2,300,5.6945e-34
Nb96,41,96,-2,300,0.0
Nb97,41,97,-2,300,0.0
Mo92,42,92,-2,300,1.2574e-10
Mo93,42,93,-2,300,2.2792e-20
Mo94,42,94,-2,300,8.1321e-11
Mo95,42,95,-2,300,1.4757e-10
Mo96,42,96,-2,300,2.9075e-10
Mo97,42,97,-2,300,9.2045e-11
Mo98,42,98,-2,300,2.3888e-10
Xe132,53,132,-2,300,7.7794e-10
Xe133,53,133,-2,300,1.1937e-34
Xe134,53,134,-2,300,2.8332e-10
Xe135,53,135,-2,300,0.0
Cs133,54,133,-2,300,2.0126e-10
Cs134,54,134,-2,300,3.0089999999999997e-32
Cs135,54,135,-2,300,7.3731e-14
Cs136,54,136,-2,300,1.9481e-36
Cs137,54,137,-2,300,0.0
Cs138,54,138,-2,300,0.0
Ba134,55,134,-2,300,6.9594e-11
Ba135,55,135,-2,300,1.7006e-10
Ba136,55,136,-2,300,2.1997e-10
Ba137,55,137,-2,300,3.0263e-10
Ba138,55,138,-2,300,1.9431e-09
Ba139,55,139,-2,300,0.0
La138,56,138,-2,300,1.9851e-13
La139,56,139,-2,300,2.2546e-10
La140,56,140,-2,300,0.0
Ce140,57,140,-2,300,6.0042e-10
Ce141,57,141,-2,300,8.352200000000001e-35
Pr141,58,141,-2,300,9.3188e-11
Pr142,58,142,-2,300,0.0
Nd142,59,142,-2,300,1.2956e-10
Nd143,59,143,-2,300,5.6628e-11
Nd144,59,144,-2,300,1.1326e-10
Hg202,78,202,-2,300,1.1372e-10
Hg203,78,203,-2,300,1.591e-34
Hg204,78,204,-2,300,2.5731e-11
Hg205,78,205,-2,300,0.0
Tl203,79,203,-2,300,6.0312e-11
Tl204,79,204,-2,300,5.563e-33
Tl205,79,205,-2,300,1.453e-10
Tl206,79,206,-2,300,0.0
Pb204,80,204,-2,300,3.0459e-11
Pb205,80,205,-2,300,1.129e-20
Pb206,80,206,-2,300,2.761e-10
Pb207,80,207,-2,300,3.0503e-10
Pb208,80,208,-2,300,8.7233e-10
Pb209,80,209,-2,300,0.0
Bi208,81,208,-2,300,0.0
Bi209,81,209,-2,300,1.1703e-10
