name,Z,A,[Fe/H],Vel,YieldTot
C12,6,12,-3,300,1.8393e-05
C13,6,13,-3,300,4.6828e-06
C14,6,14,-3,300,3.3735e-20
N13,7,13,-3,300,4.0247e-16
N14,7,14,-3,300,0.0011689
N15,7,15,-3,300,2.5508e-08
N16,7,16,-3,300,0.0
O15,8,15,-3,300,6.832e-17
O16,8,16,-3,300,0.00026626
O17,8,17,-3,300,5.26e-07
O18,8,18,-3,300,1.3082e-07
O19,8,19,-3,300,0.0
F17,0,17,-3,300,1.3161000000000002e-19
F18,0,18,-3,300,2.6415e-20
F19,0,19,-3,300,5.7222e-09
F20,0,20,-3,300,0.0
Ne20,10,20,-3,300,2.6396e-05
Ne21,10,21,-3,300,3.3682e-08
Ne22,10,22,-3,300,1.7268e-06
Ne23,10,23,-3,300,0.0
Na21,11,21,-3,300,0.0
Na22,11,22,-3,300,1.6141999999999998e-21
Na23,11,23,-3,300,3.1427e-06
Na24,11,24,-3,300,0.0
Mg23,12,23,-3,300,0.0
Mg24,12,24,-3,300,3.0081e-05
Mg25,12,25,-3,300,1.5594e-06
Mg26,12,26,-3,300,2.8921e-06
Mg27,12,27,-3,300,0.0
Al25,13,25,-3,300,0.0
Al26,13,26,-3,300,9.3879e-08
Al27,13,27,-3,300,1.1177e-05
Al28,13,28,-3,300,0.0
Si27,14,27,-3,300,0.0
Si28,14,28,-3,300,8.788e-05
Si29,14,29,-3,300,2.1499e-06
Si30,14,30,-3,300,3.0935e-06
Si31,14,31,-3,300,0.0
Si32,14,32,-3,300,0.0
P29,15,29,-3,300,0.0
P30,15,30,-3,300,0.0
P31,15,31,-3,300,2.2676e-07
P32,15,32,-3,300,1.165e-27
P33,15,33,-3,300,4.151e-31
P34,15,34,-3,300,0.0
S31,16,31,-3,300,0.0
S32,16,32,-3,300,2.4575e-05
S33,16,33,-3,300,2.0315e-07
S34,16,34,-3,300,1.1803e-06
S35,16,35,-3,300,7.6994e-25
S36,16,36,-3,300,5.825e-09
S37,16,37,-3,300,0.0
Cl33,17,33,-3,300,0.0
Cl34,17,34,-3,300,0.0
Cl35,17,35,-3,300,2.2991e-07
Cl36,17,36,-3,300,3.6823e-12
Cl37,17,37,-3,300,7.7839e-08
Cl38,17,38,-3,300,0.0
Ar36,18,36,-3,300,4.6943e-06
Ar37,18,37,-3,300,1.0172999999999999e-21
Ar38,18,38,-3,300,9.0099e-07
Ar39,18,39,-3,300,8.4602e-23
Ar40,18,40,-3,300,1.5206e-09
Ar41,18,41,-3,300,0.0
K37,19,37,-3,300,0.0
K38,19,38,-3,300,0.0
K39,19,39,-3,300,1.067e-07
K40,19,40,-3,300,1.7854e-10
K41,19,41,-3,300,8.1005e-09
K42,19,42,-3,300,0.0
Ca40,20,40,-3,300,5.206e-06
Ca41,20,41,-3,300,4.1015e-11
Ca42,20,42,-3,300,3.6531e-08
Ca43,20,43,-3,300,7.8055e-09
Ca44,20,44,-3,300,1.2329e-07
Ca45,20,45,-3,300,4.3227e-24
Ca46,20,46,-3,300,2.4714e-10
Ca47,20,47,-3,300,7.088300000000001e-34
Ca48,20,48,-3,300,1.2051e-08
Ca49,20,49,-3,300,0.0
Sc41,21,41,-3,300,0.0
Sc42,21,42,-3,300,0.0
Sc43,21,43,-3,300,0.0
Sc44,21,44,-3,300,0.0
Sc45,21,45,-3,300,1.7502e-09
Sc46,21,46,-3,300,5.971400000000001e-25
Sc47,21,47,-3,300,2.2962e-33
Sc48,21,48,-3,300,0.0
Sc49,21,49,-3,300,0.0
Ti44,22,44,-3,300,0.0
Ti45,22,45,-3,300,0.0
Ti46,22,46,-3,300,1.8518e-08
Ti47,22,47,-3,300,1.705e-08
Ti48,22,48,-3,300,1.7249e-07
Ti49,22,49,-3,300,1.2938e-08
Ti50,22,50,-3,300,1.265e-08
Ti51,22,51,-3,300,0.0
V45,23,45,-3,300,0.0
V46,23,46,-3,300,0.0
V47,23,47,-3,300,0.0
V48,23,48,-3,300,0.0
V49,23,49,-3,300,0.0
V50,23,50,-3,300,2.9162e-11
V51,23,51,-3,300,1.187e-08
V52,23,52,-3,300,0.0
Cr48,24,48,-3,300,0.0
Cr49,24,49,-3,300,0.0
Cr50,24,50,-3,300,2.5994e-08
Cr51,24,51,-3,300,1.2662999999999998e-22
Cr52,24,52,-3,300,5.2135e-07
Cr53,24,53,-3,300,6.025e-08
Cr54,24,54,-3,300,1.5295e-08
Cr55,24,55,-3,300,0.0
Mn50,25,50,-3,300,0.0
Mn51,25,51,-3,300,0.0
Mn52,25,52,-3,300,0.0
Mn53,25,53,-3,300,0.0
Mn54,25,54,-3,300,0.0
Mn55,25,55,-3,300,4.0583e-07
Mn56,25,56,-3,300,0.0
Mn57,25,57,-3,300,0.0
Fe52,26,52,-3,300,0.0
Fe53,26,53,-3,300,0.0
Fe54,26,54,-3,300,2.7359e-06
Fe55,26,55,-3,300,7.9795e-12
Fe56,26,56,-3,300,4.4541e-05
Fe57,26,57,-3,300,1.0472e-06
Fe58,26,58,-3,300,1.4228e-07
Fe59,26,59,-3,300,1.7941e-24
Fe60,26,60,-3,300,1.6991e-12
Fe61,26,61,-3,300,0.0
Co54,27,54,-3,300,0.0
Co55,27,55,-3,300,0.0
Co56,27,56,-3,300,0.0
Co57,27,57,-3,300,0.0
Co58,27,58,-3,300,0.0
Co59,27,59,-3,300,1.5818e-07
Co60,27,60,-3,300,3.1554e-18
Co61,27,61,-3,300,0.0
Ni56,28,56,-3,300,0.0
Ni57,28,57,-3,300,0.0
Ni58,28,58,-3,300,1.7962e-06
Ni59,28,59,-3,300,3.4451e-11
Ni60,28,60,-3,300,7.1594e-07
Ni61,28,61,-3,300,3.1716e-08
Ni62,28,62,-3,300,1.027e-07
Ni63,28,63,-3,300,1.6922e-22
Ni64,28,64,-3,300,2.7084e-08
Ni65,28,65,-3,300,0.0
Cu57,29,57,-3,300,0.0
Cu58,29,58,-3,300,0.0
Cu59,29,59,-3,300,0.0
Cu60,29,60,-3,300,0.0
Cu61,29,61,-3,300,0.0
Cu62,29,62,-3,300,0.0
Cu63,29,63,-3,300,1.8605e-08
Cu64,29,64,-3,300,4.0914e-36
Cu65,29,65,-3,300,8.6446e-09
Cu66,29,66,-3,300,0.0
Zn60,30,60,-3,300,0.0
Zn61,30,61,-3,300,0.0
Zn62,30,62,-3,300,0.0
Zn63,30,63,-3,300,0.0
Zn64,30,64,-3,300,3.1034e-08
Zn65,30,65,-3,300,3.754e-23
Zn66,30,66,-3,300,1.8417e-08
Zn67,30,67,-3,300,2.754e-09
Zn68,30,68,-3,300,1.2794e-08
Zn69,30,69,-3,300,0.0
Zn70,30,70,-3,300,4.3193e-10
Zn71,30,71,-3,300,0.0
Ga62,31,62,-3,300,0.0
Ga63,31,63,-3,300,0.0
Ga64,31,64,-3,300,0.0
Ga65,31,65,-3,300,0.0
Ga66,31,66,-3,300,0.0
Ga67,31,67,-3,300,0.0
Ga68,31,68,-3,300,0.0
Ga69,31,69,-3,300,1.2621e-09
Ga70,31,70,-3,300,0.0
Ga71,31,71,-3,300,8.6509e-10
Ga72,31,72,-3,300,0.0
Ge64,32,64,-3,300,0.0
Ge65,32,65,-3,300,0.0
Ge66,32,66,-3,300,0.0
Ge67,32,67,-3,300,0.0
Ge68,32,68,-3,300,0.0
Ge69,32,69,-3,300,0.0
Ge70,32,70,-3,300,1.8087e-09
Ge71,32,71,-3,300,3.9546999999999998e-28
Ge72,32,72,-3,300,2.449e-09
Ge73,32,73,-3,300,6.9665e-10
Ge74,32,74,-3,300,3.3165e-09
Ge75,32,75,-3,300,0.0
Ge76,32,76,-3,300,7.0816e-10
Ge77,32,77,-3,300,0.0
As71,33,71,-3,300,0.0
As72,33,72,-3,300,0.0
As73,33,73,-3,300,0.0
As74,33,74,-3,300,0.0
As75,33,75,-3,300,4.1305e-10
As76,33,76,-3,300,0.0
As77,33,77,-3,300,0.0
Se74,34,74,-3,300,3.9491e-11
Se75,34,75,-3,300,6.8883e-26
Se76,34,76,-3,300,4.3331e-10
Se77,34,77,-3,300,3.5471e-10
Se78,34,78,-3,300,1.1251e-09
Se79,34,79,-3,300,3.6748e-15
Se80,34,80,-3,300,2.3802e-09
Se81,34,81,-3,300,0.0
Se82,34,82,-3,300,4.2929e-10
Se83,34,83,-3,300,0.0
Br75,35,75,-3,300,0.0
Br76,35,76,-3,300,0.0
Br77,35,77,-3,300,0.0
Br78,35,78,-3,300,0.0
Br79,35,79,-3,300,3.818e-10
Br80,35,80,-3,300,0.0
Br81,35,81,-3,300,3.7994e-10
Br82,35,82,-3,300,0.0
Br83,35,83,-3,300,0.0
Kr78,36,78,-3,300,1.3762e-11
Kr79,36,79,-3,300,0.0
Kr80,36,80,-3,300,9.3433e-11
Kr81,36,81,-3,300,9.9466e-13
Kr82,36,82,-3,300,4.7323e-10
Kr83,36,83,-3,300,4.6932e-10
Kr84,36,84,-3,300,2.3392e-09
Kr85,36,85,-3,300,3.1665000000000003e-24
Kr86,36,86,-3,300,7.2149e-10
Kr87,36,87,-3,300,0.0
Rb79,37,79,-3,300,0.0
Rb80,37,80,-3,300,0.0
Rb81,37,81,-3,300,0.0
Rb82,37,82,-3,300,0.0
Rb83,37,83,-3,300,0.0
Rb84,37,84,-3,300,0.0
Rb85,37,85,-3,300,5.482e-10
Rb86,37,86,-3,300,7.9441e-27
Rb87,37,87,-3,300,2.3025e-10
Rb88,37,88,-3,300,0.0
Sr84,38,84,-3,300,9.5231e-12
Sr85,38,85,-3,300,6.880100000000001e-27
Sr86,38,86,-3,300,1.7717e-10
Sr87,38,87,-3,300,1.2454e-10
Sr88,38,88,-3,300,1.4884e-09
Sr89,38,89,-3,300,9.425900000000001e-27
Sr90,38,90,-3,300,5.2236e-28
Sr91,38,91,-3,300,0.0
Y85,39,85,-3,300,0.0
Y86,39,86,-3,300,0.0
Y87,39,87,-3,300,0.0
Y88,39,88,-3,300,0.0
Y89,39,89,-3,300,3.973e-10
Y90,39,90,-3,300,0.0
Y91,39,91,-3,300,0.0
Zr90,40,90,-3,300,4.834e-10
Zr91,40,91,-3,300,1.0658e-10
Zr92,40,92,-3,300,1.6465e-10
Zr93,40,93,-3,300,5.8176e-14
Zr94,40,94,-3,300,1.7039e-10
Zr95,40,95,-3,300,1.2325e-26
Zr96,40,96,-3,300,3.0496e-27
Zr97,40,97,-3,300,0.0
Nb91,41,91,-3,300,0.0
Nb92,41,92,-3,300,0.0
Nb93,41,93,-3,300,7.3512e-11
Nb94,41,94,-3,300,5.7133e-25
Nb95,41,95,-3,300,1.3451e-26
Nb96,41,96,-3,300,0.0
Nb97,41,97,-3,300,0.0
Mo92,42,92,-3,300,2.7785e-11
Mo93,42,93,-3,300,4.3372000000000004e-20
Mo94,42,94,-3,300,1.7897e-11
Mo95,42,95,-3,300,3.1297e-11
Mo96,42,96,-3,300,6.1319e-11
Mo97,42,97,-3,300,1.937e-11
Mo98,42,98,-3,300,4.9729e-11
Xe132,53,132,-3,300,1.6675e-10
Xe133,53,133,-3,300,7.2886e-32
Xe134,53,134,-3,300,6.2492e-11
Xe135,53,135,-3,300,0.0
Cs133,54,133,-3,300,4.383e-11
Cs134,54,134,-3,300,4.1964e-25
Cs135,54,135,-3,300,8.0174e-16
Cs136,54,136,-3,300,4.8776e-31
Cs137,54,137,-3,300,7.914700000000001e-30
Cs138,54,138,-3,300,0.0
Ba134,55,134,-3,300,1.3461e-11
Ba135,55,135,-3,300,3.6921e-11
Ba136,55,136,-3,300,4.4351e-11
Ba137,55,137,-3,300,6.3862e-11
Ba138,55,138,-3,300,4.1063e-10
Ba139,55,139,-3,300,0.0
La138,56,138,-3,300,4.3338e-14
La139,56,139,-3,300,4.7934e-11
La140,56,140,-3,300,0.0
Ce140,57,140,-3,300,1.2907e-10
Ce141,57,141,-3,300,5.0109e-28
Pr141,58,141,-3,300,2.0285e-11
Pr142,58,142,-3,300,0.0
Nd142,59,142,-3,300,2.7694e-11
Nd143,59,143,-3,300,1.2395e-11
Nd144,59,144,-3,300,2.4639e-11
Hg202,78,202,-3,300,2.446e-11
Hg203,78,203,-3,300,1.8892e-27
Hg204,78,204,-3,300,5.682e-12
Hg205,78,205,-3,300,0.0
Tl203,79,203,-3,300,1.3051e-11
Tl204,79,204,-3,300,3.8072e-26
Tl205,79,205,-3,300,3.146e-11
Tl206,79,206,-3,300,0.0
Pb204,80,204,-3,300,6.2831e-12
Pb205,80,205,-3,300,3.0868e-24
Pb206,80,206,-3,300,5.9017e-11
Pb207,80,207,-3,300,6.5624e-11
Pb208,80,208,-3,300,1.8873e-10
Pb209,80,209,-3,300,0.0
Bi208,81,208,-3,300,0.0
Bi209,81,209,-3,300,2.5591e-11
