name,Z,A,[Fe/H],Vel,YieldTot
C12,6,12,-2,300,0.14771
C13,6,13,-2,300,9.7654e-05
C14,6,14,-2,300,0.0007265
N13,7,13,-2,300,2.064e-13
N14,7,14,-2,300,0.068991
N15,7,15,-2,300,0.00050776
N16,7,16,-2,300,3.3099e-29
O15,8,15,-2,300,1.6025e-16
O16,8,16,-2,300,1.2467
O17,8,17,-2,300,0.00016658
O18,8,18,-2,300,0.058789
O19,8,19,-2,300,1.6256999999999998e-22
F17,0,17,-2,300,1.7423e-17
F18,0,18,-2,300,6.8331e-07
F19,0,19,-2,300,2.7623e-05
F20,0,20,-2,300,1.8368e-23
Ne20,10,20,-2,300,0.063514
Ne21,10,21,-2,300,0.00066926
Ne22,10,22,-2,300,0.061655
Ne23,10,23,-2,300,5.7178e-15
Na21,11,21,-2,300,3.6073e-16
Na22,11,22,-2,300,4.1365e-08
Na23,11,23,-2,300,0.00071657
Na24,11,24,-2,300,1.4398e-10
Mg23,12,23,-2,300,1.0831e-14
Mg24,12,24,-2,300,0.01034
Mg25,12,25,-2,300,0.01406
Mg26,12,26,-2,300,0.028642
Mg27,12,27,-2,300,1.3256e-11
Al25,13,25,-2,300,8.115600000000001e-19
Al26,13,26,-2,300,5.8376e-06
Al27,13,27,-2,300,0.0005888
Al28,13,28,-2,300,3.9604e-13
Si27,14,27,-2,300,1.4136e-18
Si28,14,28,-2,300,0.37697
Si29,14,29,-2,300,0.0005431
Si30,14,30,-2,300,0.00021186
Si31,14,31,-2,300,2.7868e-10
Si32,14,32,-2,300,3.6953e-11
P29,15,29,-2,300,7.644999999999999e-21
P30,15,30,-2,300,2.4944e-14
P31,15,31,-2,300,0.00083784
P32,15,32,-2,300,1.0325e-06
P33,15,33,-2,300,6.3215e-07
P34,15,34,-2,300,1.5763e-22
S31,16,31,-2,300,3.0271e-24
S32,16,32,-2,300,0.33035
S33,16,33,-2,300,0.0010107
S34,16,34,-2,300,0.0090132
S35,16,35,-2,300,5.6284e-07
S36,16,36,-2,300,1.1137e-07
S37,16,37,-2,300,9.9312e-20
Cl33,17,33,-2,300,4.3674e-26
Cl34,17,34,-2,300,2.5452e-26
Cl35,17,35,-2,300,0.0010962
Cl36,17,36,-2,300,5.6842e-06
Cl37,17,37,-2,300,5.3816e-06
Cl38,17,38,-2,300,6.203e-15
Ar36,18,36,-2,300,0.081083
Ar37,18,37,-2,300,0.00037612
Ar38,18,38,-2,300,0.022663
Ar39,18,39,-2,300,8.097e-07
Ar40,18,40,-2,300,5.5942e-08
Ar41,18,41,-2,300,2.6261e-15
K37,19,37,-2,300,4.852e-36
K38,19,38,-2,300,1.7313999999999997e-21
K39,19,39,-2,300,0.0026294
K40,19,40,-2,300,1.3535e-06
K41,19,41,-2,300,2.4147e-07
K42,19,42,-2,300,6.468e-11
Ca40,20,40,-2,300,0.097039
Ca41,20,41,-2,300,0.00021805
Ca42,20,42,-2,300,0.0010778
Ca43,20,43,-2,300,1.7638e-06
Ca44,20,44,-2,300,9.5507e-07
Ca45,20,45,-2,300,3.4817e-08
Ca46,20,46,-2,300,3.3607e-08
Ca47,20,47,-2,300,4.0496e-09
Ca48,20,48,-2,300,2.8862e-08
Ca49,20,49,-2,300,8.5911e-19
Sc41,21,41,-2,300,1.0995e-50
Sc42,21,42,-2,300,1.0328e-41
Sc43,21,43,-2,300,1.0332e-07
Sc44,21,44,-2,300,8.6343e-08
Sc45,21,45,-2,300,3.8432e-06
Sc46,21,46,-2,300,2.3477e-09
Sc47,21,47,-2,300,2.2283e-09
Sc48,21,48,-2,300,4.7701e-12
Sc49,21,49,-2,300,8.5217e-16
Ti44,22,44,-2,300,6.1529e-05
Ti45,22,45,-2,300,1.0195e-06
Ti46,22,46,-2,300,0.00068528
Ti47,22,47,-2,300,7.204e-06
Ti48,22,48,-2,300,1.455e-06
Ti49,22,49,-2,300,1.7752e-07
Ti50,22,50,-2,300,1.025e-06
Ti51,22,51,-2,300,1.5505e-15
V45,23,45,-2,300,9.0739e-55
V46,23,46,-2,300,2.5862e-58
V47,23,47,-2,300,2.8191e-10
V48,23,48,-2,300,1.3806e-06
V49,23,49,-2,300,1.1273e-05
V50,23,50,-2,300,2.1333e-08
V51,23,51,-2,300,2.6962e-07
V52,23,52,-2,300,6.0856e-16
Cr48,24,48,-2,300,9.4314e-05
Cr49,24,49,-2,300,1.8378e-08
Cr50,24,50,-2,300,0.00093933
Cr51,24,51,-2,300,4.5898e-05
Cr52,24,52,-2,300,9.4314e-05
Cr53,24,53,-2,300,2.5506e-07
Cr54,24,54,-2,300,4.9578e-07
Cr55,24,55,-2,300,9.3956e-16
Mn50,25,50,-2,300,9.3048e-60
Mn51,25,51,-2,300,3.7313e-08
Mn52,25,52,-2,300,0.0002221
Mn53,25,53,-2,300,0.00015874
Mn54,25,54,-2,300,5.8454e-07
Mn55,25,55,-2,300,1.2598e-06
Mn56,25,56,-2,300,1.2193e-11
Mn57,25,57,-2,300,9.201e-22
Fe52,26,52,-2,300,0.00065936
Fe53,26,53,-2,300,1.2058e-18
Fe54,26,54,-2,300,0.012573
Fe55,26,55,-2,300,0.00044095
Fe56,26,56,-2,300,0.0012504
Fe57,26,57,-2,300,3.8515e-06
Fe58,26,58,-2,300,2.0646e-06
Fe59,26,59,-2,300,1.2442e-07
Fe60,26,60,-2,300,1.4862e-07
Fe61,26,61,-2,300,2.3901e-19
Co54,27,54,-2,300,9.3048e-60
Co55,27,55,-2,300,0.00048685
Co56,27,56,-2,300,5.2784e-06
Co57,27,57,-2,300,0.00017136
Co58,27,58,-2,300,3.1512e-07
Co59,27,59,-2,300,8.2701e-07
Co60,27,60,-2,300,1.4298e-08
Co61,27,61,-2,300,1.0711e-14
Ni56,28,56,-2,300,0.07
Ni57,28,57,-2,300,0.0024119
Ni58,28,58,-2,300,0.0055206
Ni59,28,59,-2,300,0.00014037
Ni60,28,60,-2,300,0.0012367
Ni61,28,61,-2,300,3.7088e-05
Ni62,28,62,-2,300,1.2758e-05
Ni63,28,63,-2,300,1.2531e-07
Ni64,28,64,-2,300,8.2224e-07
Ni65,28,65,-2,300,3.9414e-14
Cu57,29,57,-2,300,9.3048e-60
Cu58,29,58,-2,300,9.055000000000001e-45
Cu59,29,59,-2,300,1.1643e-22
Cu60,29,60,-2,300,2.5118e-08
Cu61,29,61,-2,300,2.893e-05
Cu62,29,62,-2,300,4.1154e-07
Cu63,29,63,-2,300,1.1114e-06
Cu64,29,64,-2,300,3.7675e-10
Cu65,29,65,-2,300,5.1966e-07
Cu66,29,66,-2,300,2.9599e-15
Zn60,30,60,-2,300,4.4901e-25
Zn61,30,61,-2,300,2.5597e-31
Zn62,30,62,-2,300,0.00061087
Zn63,30,63,-2,300,1.161e-09
Zn64,30,64,-2,300,5.3516e-06
Zn65,30,65,-2,300,5.6825e-07
Zn66,30,66,-2,300,2.8469e-06
Zn67,30,67,-2,300,1.0547e-07
Zn68,30,68,-2,300,7.068e-07
Zn69,30,69,-2,300,3.379e-14
Zn70,30,70,-2,300,9.1171e-10
Zn71,30,71,-2,300,5.2986e-22
Ga62,31,62,-2,300,9.3048e-60
Ga63,31,63,-2,300,5.996999999999999e-38
Ga64,31,64,-2,300,2.1645e-34
Ga65,31,65,-2,300,1.1422e-13
Ga66,31,66,-2,300,5.9994e-06
Ga67,31,67,-2,300,2.461e-08
Ga68,31,68,-2,300,1.5991e-12
Ga69,31,69,-2,300,1.1344e-07
Ga70,31,70,-2,300,1.1711e-14
Ga71,31,71,-2,300,1.0068e-07
Ga72,31,72,-2,300,3.11e-13
Ge64,32,64,-2,300,4.453e-47
Ge65,32,65,-2,300,1.5192e-45
Ge66,32,66,-2,300,1.1753e-06
Ge67,32,67,-2,300,5.6086e-15
Ge68,32,68,-2,300,9.6927e-09
Ge69,32,69,-2,300,6.9797e-12
Ge70,32,70,-2,300,1.9849e-07
Ge71,32,71,-2,300,1.0299e-08
Ge72,32,72,-2,300,2.2669e-07
Ge73,32,73,-2,300,6.2472e-08
Ge74,32,74,-2,300,4.0048e-07
Ge75,32,75,-2,300,4.6098e-14
Ge76,32,76,-2,300,1.4932e-09
Ge77,32,77,-2,300,5.2337000000000005e-19
As71,33,71,-2,300,4.4005e-13
As72,33,72,-2,300,3.2058e-14
As73,33,73,-2,300,1.3054e-10
As74,33,74,-2,300,1.2028e-12
As75,33,75,-2,300,4.1526e-08
As76,33,76,-2,300,1.5109e-12
As77,33,77,-2,300,1.9162e-14
Se74,34,74,-2,300,2.4483e-08
Se75,34,75,-2,300,3.027e-10
Se76,34,76,-2,300,1.3424e-07
Se77,34,77,-2,300,3.8137e-08
Se78,34,78,-2,300,2.5511e-07
Se79,34,79,-2,300,2.795e-08
Se80,34,80,-2,300,1.178e-07
Se81,34,81,-2,300,3.0583e-16
Se82,34,82,-2,300,9.2398e-10
Se83,34,83,-2,300,2.1856e-20
Br75,35,75,-2,300,7.9207e-15
Br76,35,76,-2,300,1.0807e-13
Br77,35,77,-2,300,8.6089e-11
Br78,35,78,-2,300,4.3238e-20
Br79,35,79,-2,300,1.2014e-08
Br80,35,80,-2,300,9.5436e-15
Br81,35,81,-2,300,2.2039e-08
Br82,35,82,-2,300,1.1558e-12
Br83,35,83,-2,300,4.3767e-15
Kr78,36,78,-2,300,1.2671e-08
Kr79,36,79,-2,300,2.8052e-10
Kr80,36,80,-2,300,8.9633e-08
Kr81,36,81,-2,300,1.4981e-08
Kr82,36,82,-2,300,1.953e-07
Kr83,36,83,-2,300,6.1578e-08
Kr84,36,84,-2,300,3.2693e-07
Kr85,36,85,-2,300,4.2355e-08
Kr86,36,86,-2,300,1.6828e-07
Kr87,36,87,-2,300,4.2426e-16
Rb79,37,79,-2,300,6.9349e-20
Rb80,37,80,-2,300,1.2201e-32
Rb81,37,81,-2,300,4.5563e-12
Rb82,37,82,-2,300,6.0906e-13
Rb83,37,83,-2,300,5.3527e-10
Rb84,37,84,-2,300,8.1615e-12
Rb85,37,85,-2,300,4.6374e-08
Rb86,37,86,-2,300,5.6506e-09
Rb87,37,87,-2,300,7.1326e-08
Rb88,37,88,-2,300,1.2666e-16
Sr84,38,84,-2,300,2.8926e-07
Sr85,38,85,-2,300,7.5214e-09
Sr86,38,86,-2,300,2.3551e-07
Sr87,38,87,-2,300,1.0708e-07
Sr88,38,88,-2,300,2.2437e-06
Sr89,38,89,-2,300,1.0764e-07
Sr90,38,90,-2,300,6.9082e-08
Sr91,38,91,-2,300,2.6018e-17
Y85,39,85,-2,300,1.3422e-12
Y86,39,86,-2,300,4.0592e-12
Y87,39,87,-2,300,4.7151e-10
Y88,39,88,-2,300,2.0415e-10
Y89,39,89,-2,300,6.9612e-07
Y90,39,90,-2,300,1.3006e-11
Y91,39,91,-2,300,4.451e-14
Zr90,40,90,-2,300,5.1606e-06
Zr91,40,91,-2,300,2.381e-07
Zr92,40,92,-2,300,5.1459e-07
Zr93,40,93,-2,300,1.6375e-07
Zr94,40,94,-2,300,6.6148e-07
Zr95,40,95,-2,300,5.4871e-08
Zr96,40,96,-2,300,2.2787e-07
Zr97,40,97,-2,300,5.5678e-17
Nb91,41,91,-2,300,4.3594e-09
Nb92,41,92,-2,300,1.3426e-11
Nb93,41,93,-2,300,3.1624e-10
Nb94,41,94,-2,300,2.986e-12
Nb95,41,95,-2,300,1.6128e-09
Nb96,41,96,-2,300,1.4324e-11
Nb97,41,97,-2,300,3.5592e-18
Mo92,42,92,-2,300,9.297e-08
Mo93,42,93,-2,300,2.4065e-09
Mo94,42,94,-2,300,4.2158e-08
Mo95,42,95,-2,300,4.5362e-08
Mo96,42,96,-2,300,1.3916e-07
Mo97,42,97,-2,300,4.6755e-08
Mo98,42,98,-2,300,1.7289e-07
Xe132,53,132,-2,300,3.6223e-07
Xe133,53,133,-2,300,2.0037e-08
Xe134,53,134,-2,300,9.9861e-08
Xe135,53,135,-2,300,8.3432e-17
Cs133,54,133,-2,300,4.9142e-08
Cs134,54,134,-2,300,1.0966e-09
Cs135,54,135,-2,300,1.6915e-08
Cs136,54,136,-2,300,9.3214e-09
Cs137,54,137,-2,300,1.2633e-07
Cs138,54,138,-2,300,3.4437000000000003e-19
Ba134,55,134,-2,300,1.4793e-07
Ba135,55,135,-2,300,4.4658e-08
Ba136,55,136,-2,300,3.8043e-07
Ba137,55,137,-2,300,2.8382e-07
Ba138,55,138,-2,300,7.1456e-06
Ba139,55,139,-2,300,2.1576e-13
La138,56,138,-2,300,6.7402e-11
La139,56,139,-2,300,9.8034e-07
La140,56,140,-2,300,7.1743e-13
Ce140,57,140,-2,300,2.7401e-06
Ce141,57,141,-2,300,6.7937e-07
Pr141,58,141,-2,300,2.1703e-07
Pr142,58,142,-2,300,7.6177e-13
Nd142,59,142,-2,300,8.4751e-07
Nd143,59,143,-2,300,9.0538e-08
Nd144,59,144,-2,300,2.9887e-07
Hg202,78,202,-2,300,5.4819e-07
Hg203,78,203,-2,300,2.3522e-08
Hg204,78,204,-2,300,4.4583e-08
Hg205,78,205,-2,300,4.836700000000001e-19
Tl203,79,203,-2,300,2.5975e-07
Tl204,79,204,-2,300,1.8169e-08
Tl205,79,205,-2,300,5.6675e-07
Tl206,79,206,-2,300,7.1325e-15
Pb204,80,204,-2,300,3.9726e-07
Pb205,80,205,-2,300,5.9914e-08
Pb206,80,206,-2,300,2.7819e-06
Pb207,80,207,-2,300,3.5221e-06
Pb208,80,208,-2,300,1.018e-05
Pb209,80,209,-2,300,4.3075e-14
Bi208,81,208,-2,300,2.9557e-07
Bi209,81,209,-2,300,4.6204e-07
