name,Z,A,[Fe/H],Vel,YieldTot
C12,6,12,-3,300,0.0014687
C13,6,13,-3,300,0.00043185
C14,6,14,-3,300,3.672e-14
N13,7,13,-3,300,9.6983e-13
N14,7,14,-3,300,0.021395
N15,7,15,-3,300,4.1918e-07
N16,7,16,-3,300,0.0
O15,8,15,-3,300,3.4719e-14
O16,8,16,-3,300,0.0057998
O17,8,17,-3,300,7.8334e-06
O18,8,18,-3,300,9.403e-08
O19,8,19,-3,300,0.0
F17,0,17,-3,300,2.7663e-16
F18,0,18,-3,300,8.4374e-17
F19,0,19,-3,300,7.5611e-09
F20,0,20,-3,300,0.0
Ne20,10,20,-3,300,3.7621e-05
Ne21,10,21,-3,300,1.3033e-06
Ne22,10,22,-3,300,3.146e-05
Ne23,10,23,-3,300,0.0
Na21,11,21,-3,300,0.0
Na22,11,22,-3,300,3.8581e-15
Na23,11,23,-3,300,4.4918e-06
Na24,11,24,-3,300,0.0
Mg23,12,23,-3,300,0.0
Mg24,12,24,-3,300,2.6091e-05
Mg25,12,25,-3,300,2.1379e-06
Mg26,12,26,-3,300,2.5904e-06
Mg27,12,27,-3,300,0.0
Al25,13,25,-3,300,0.0
Al26,13,26,-3,300,2.496e-08
Al27,13,27,-3,300,5.02e-06
Al28,13,28,-3,300,0.0
Si27,14,27,-3,300,0.0
Si28,14,28,-3,300,5.6251e-05
Si29,14,29,-3,300,1.8111e-06
Si30,14,30,-3,300,2.046e-06
Si31,14,31,-3,300,0.0
Si32,14,32,-3,300,0.0
P29,15,29,-3,300,0.0
P30,15,30,-3,300,0.0
P31,15,31,-3,300,1.7572e-07
P32,15,32,-3,300,3.9641000000000005e-33
P33,15,33,-3,300,0.0
P34,15,34,-3,300,0.0
S31,16,31,-3,300,0.0
S32,16,32,-3,300,1.7933e-05
S33,16,33,-3,300,1.553e-07
S34,16,34,-3,300,8.7377e-07
S35,16,35,-3,300,1.6816e-32
S36,16,36,-3,300,4.2541e-09
S37,16,37,-3,300,0.0
Cl33,17,33,-3,300,0.0
Cl34,17,34,-3,300,0.0
Cl35,17,35,-3,300,1.6777e-07
Cl36,17,36,-3,300,8.6055e-11
Cl37,17,37,-3,300,6.0622e-08
Cl38,17,38,-3,300,0.0
Ar36,18,36,-3,300,3.4232e-06
Ar37,18,37,-3,300,2.6284000000000003e-24
Ar38,18,38,-3,300,6.5899e-07
Ar39,18,39,-3,300,2.3667e-27
Ar40,18,40,-3,300,1.1291e-09
Ar41,18,41,-3,300,0.0
K37,19,37,-3,300,0.0
K38,19,38,-3,300,0.0
K39,19,39,-3,300,7.829e-08
K40,19,40,-3,300,2.9273e-10
K41,19,41,-3,300,6.125e-09
K42,19,42,-3,300,0.0
Ca40,20,40,-3,300,3.7969e-06
Ca41,20,41,-3,300,3.743e-10
Ca42,20,42,-3,300,2.787e-08
Ca43,20,43,-3,300,6.0157e-09
Ca44,20,44,-3,300,9.1859e-08
Ca45,20,45,-3,300,1.042e-31
Ca46,20,46,-3,300,1.8031e-10
Ca47,20,47,-3,300,1.38e-36
Ca48,20,48,-3,300,8.7986e-09
Ca49,20,49,-3,300,0.0
Sc41,21,41,-3,300,0.0
Sc42,21,42,-3,300,0.0
Sc43,21,43,-3,300,0.0
Sc44,21,44,-3,300,0.0
Sc45,21,45,-3,300,1.519e-09
Sc46,21,46,-3,300,1.0485e-31
Sc47,21,47,-3,300,1.0517e-36
Sc48,21,48,-3,300,0.0
Sc49,21,49,-3,300,0.0
Ti44,22,44,-3,300,0.0
Ti45,22,45,-3,300,0.0
Ti46,22,46,-3,300,1.4209e-08
Ti47,22,47,-3,300,1.2649e-08
Ti48,22,48,-3,300,1.2616e-07
Ti49,22,49,-3,300,9.9924e-09
Ti50,22,50,-3,300,1.0593e-08
Ti51,22,51,-3,300,0.0
V45,23,45,-3,300,0.0
V46,23,46,-3,300,0.0
V47,23,47,-3,300,0.0
V48,23,48,-3,300,0.0
V49,23,49,-3,300,0.0
V50,23,50,-3,300,2.1261e-11
V51,23,51,-3,300,8.7132e-09
V52,23,52,-3,300,0.0
Cr48,24,48,-3,300,0.0
Cr49,24,49,-3,300,0.0
Cr50,24,50,-3,300,1.8951e-08
Cr51,24,51,-3,300,1.0598000000000001e-24
Cr52,24,52,-3,300,3.8042e-07
Cr53,24,53,-3,300,4.3958e-08
Cr54,24,54,-3,300,1.146e-08
Cr55,24,55,-3,300,0.0
Mn50,25,50,-3,300,0.0
Mn51,25,51,-3,300,0.0
Mn52,25,52,-3,300,0.0
Mn53,25,53,-3,300,0.0
Mn54,25,54,-3,300,0.0
Mn55,25,55,-3,300,2.9592e-07
Mn56,25,56,-3,300,0.0
Mn57,25,57,-3,300,0.0
Fe52,26,52,-3,300,0.0
Fe53,26,53,-3,300,0.0
Fe54,26,54,-3,300,1.9946e-06
Fe55,26,55,-3,300,2.6183e-14
Fe56,26,56,-3,300,3.248e-05
Fe57,26,57,-3,300,7.656e-07
Fe58,26,58,-3,300,1.143e-07
Fe59,26,59,-3,300,3.0296e-31
Fe60,26,60,-3,300,8.8481e-13
Fe61,26,61,-3,300,0.0
Co54,27,54,-3,300,0.0
Co55,27,55,-3,300,0.0
Co56,27,56,-3,300,0.0
Co57,27,57,-3,300,0.0
Co58,27,58,-3,300,0.0
Co59,27,59,-3,300,1.1877e-07
Co60,27,60,-3,300,1.6058e-18
Co61,27,61,-3,300,0.0
Ni56,28,56,-3,300,0.0
Ni57,28,57,-3,300,0.0
Ni58,28,58,-3,300,1.3095e-06
Ni59,28,59,-3,300,1.9984e-11
Ni60,28,60,-3,300,5.2707e-07
Ni61,28,61,-3,300,2.5022e-08
Ni62,28,62,-3,300,8.07e-08
Ni63,28,63,-3,300,2.1489e-27
Ni64,28,64,-3,300,2.4765e-08
Ni65,28,65,-3,300,0.0
Cu57,29,57,-3,300,0.0
Cu58,29,58,-3,300,0.0
Cu59,29,59,-3,300,0.0
Cu60,29,60,-3,300,0.0
Cu61,29,61,-3,300,0.0
Cu62,29,62,-3,300,0.0
Cu63,29,63,-3,300,1.6857e-08
Cu64,29,64,-3,300,1.3647e-32
Cu65,29,65,-3,300,1.1634e-08
Cu66,29,66,-3,300,0.0
Zn60,30,60,-3,300,0.0
Zn61,30,61,-3,300,0.0
Zn62,30,62,-3,300,0.0
Zn63,30,63,-3,300,0.0
Zn64,30,64,-3,300,2.4679e-08
Zn65,30,65,-3,300,3.0367e-28
Zn66,30,66,-3,300,1.7401e-08
Zn67,30,67,-3,300,2.8996e-09
Zn68,30,68,-3,300,1.4888e-08
Zn69,30,69,-3,300,0.0
Zn70,30,70,-3,300,3.149e-10
Zn71,30,71,-3,300,0.0
Ga62,31,62,-3,300,0.0
Ga63,31,63,-3,300,0.0
Ga64,31,64,-3,300,0.0
Ga65,31,65,-3,300,0.0
Ga66,31,66,-3,300,0.0
Ga67,31,67,-3,300,0.0
Ga68,31,68,-3,300,0.0
Ga69,31,69,-3,300,1.7602e-09
Ga70,31,70,-3,300,0.0
Ga71,31,71,-3,300,1.4622e-09
Ga72,31,72,-3,300,0.0
Ge64,32,64,-3,300,0.0
Ge65,32,65,-3,300,0.0
Ge66,32,66,-3,300,0.0
Ge67,32,67,-3,300,0.0
Ge68,32,68,-3,300,0.0
Ge69,32,69,-3,300,0.0
Ge70,32,70,-3,300,2.6183e-09
Ge71,32,71,-3,300,7.1817e-32
Ge72,32,72,-3,300,3.149e-09
Ge73,32,73,-3,300,8.8685e-10
Ge74,32,74,-3,300,4.6e-09
Ge75,32,75,-3,300,0.0
Ge76,32,76,-3,300,5.1628e-10
Ge77,32,77,-3,300,0.0
As71,33,71,-3,300,0.0
As72,33,72,-3,300,0.0
As73,33,73,-3,300,0.0
As74,33,74,-3,300,0.0
As75,33,75,-3,300,5.1777e-10
As76,33,76,-3,300,0.0
As77,33,77,-3,300,0.0
Se74,34,74,-3,300,2.8792e-11
Se75,34,75,-3,300,5.184e-34
Se76,34,76,-3,300,8.0183e-10
Se77,34,77,-3,300,4.4999e-10
Se78,34,78,-3,300,1.968e-09
Se79,34,79,-3,300,2.6122e-13
Se80,34,80,-3,300,1.7606e-09
Se81,34,81,-3,300,0.0
Se82,34,82,-3,300,3.1302e-10
Se83,34,83,-3,300,0.0
Br75,35,75,-3,300,0.0
Br76,35,76,-3,300,0.0
Br77,35,77,-3,300,0.0
Br78,35,78,-3,300,0.0
Br79,35,79,-3,300,3.894e-10
Br80,35,80,-3,300,0.0
Br81,35,81,-3,300,3.0582e-10
Br82,35,82,-3,300,0.0
Br83,35,83,-3,300,0.0
Kr78,36,78,-3,300,1.0034e-11
Kr79,36,79,-3,300,0.0
Kr80,36,80,-3,300,3.0587e-10
Kr81,36,81,-3,300,8.8868e-11
Kr82,36,82,-3,300,1.0527e-09
Kr83,36,83,-3,300,5.6874e-10
Kr84,36,84,-3,300,2.7435e-09
Kr85,36,85,-3,300,1.8301e-29
Kr86,36,86,-3,300,5.3202e-10
Kr87,36,87,-3,300,0.0
Rb79,37,79,-3,300,0.0
Rb80,37,80,-3,300,0.0
Rb81,37,81,-3,300,0.0
Rb82,37,82,-3,300,0.0
Rb83,37,83,-3,300,0.0
Rb84,37,84,-3,300,0.0
Rb85,37,85,-3,300,5.8683e-10
Rb86,37,86,-3,300,6.8882e-32
Rb87,37,87,-3,300,1.6863e-10
Rb88,37,88,-3,300,0.0
Sr84,38,84,-3,300,6.9434e-12
Sr85,38,85,-3,300,7.078900000000001e-35
Sr86,38,86,-3,300,7.0084e-10
Sr87,38,87,-3,300,4.3106e-10
Sr88,38,88,-3,300,2.6952e-09
Sr89,38,89,-3,300,2.5363e-32
Sr90,38,90,-3,300,0.0
Sr91,38,91,-3,300,0.0
Y85,39,85,-3,300,0.0
Y86,39,86,-3,300,0.0
Y87,39,87,-3,300,0.0
Y88,39,88,-3,300,0.0
Y89,39,89,-3,300,5.8117e-10
Y90,39,90,-3,300,0.0
Y91,39,91,-3,300,0.0
Zr90,40,90,-3,300,5.1481e-10
Zr91,40,91,-3,300,1.1194e-10
Zr92,40,92,-3,300,1.6541e-10
Zr93,40,93,-3,300,1.1428e-11
Zr94,40,94,-3,300,1.5107e-10
Zr95,40,95,-3,300,3.9796000000000005e-33
Zr96,40,96,-3,300,0.0
Zr97,40,97,-3,300,0.0
Nb91,41,91,-3,300,0.0
Nb92,41,92,-3,300,0.0
Nb93,41,93,-3,300,5.407e-11
Nb94,41,94,-3,300,5.4326e-24
Nb95,41,95,-3,300,2.1721000000000002e-33
Nb96,41,96,-3,300,0.0
Nb97,41,97,-3,300,0.0
Mo92,42,92,-3,300,2.0257e-11
Mo93,42,93,-3,300,1.7922e-22
Mo94,42,94,-3,300,1.3063e-11
Mo95,42,95,-3,300,2.5074e-11
Mo96,42,96,-3,300,4.9572e-11
Mo97,42,97,-3,300,1.5699e-11
Mo98,42,98,-3,300,4.0963e-11
Xe132,53,132,-3,300,1.2885e-10
Xe133,53,133,-3,300,2.1495e-34
Xe134,53,134,-3,300,4.556e-11
Xe135,53,135,-3,300,0.0
Cs133,54,133,-3,300,3.2869e-11
Cs134,54,134,-3,300,3.594e-32
Cs135,54,135,-3,300,1.0653e-15
Cs136,54,136,-3,300,1.732e-37
Cs137,54,137,-3,300,0.0
Cs138,54,138,-3,300,0.0
Ba134,55,134,-3,300,1.2303e-11
Ba135,55,135,-3,300,2.7788e-11
Ba136,55,136,-3,300,3.7218e-11
Ba137,55,137,-3,300,4.9699e-11
Ba138,55,138,-3,300,3.1063e-10
Ba139,55,139,-3,300,0.0
La138,56,138,-3,300,3.1653e-14
La139,56,139,-3,300,3.5888e-11
La140,56,140,-3,300,0.0
Ce140,57,140,-3,300,9.5417e-11
Ce141,57,141,-3,300,4.1246e-35
Pr141,58,141,-3,300,1.4898e-11
Pr142,58,142,-3,300,0.0
Nd142,59,142,-3,300,2.0481e-11
Nd143,59,143,-3,300,9.0752e-12
Nd144,59,144,-3,300,1.8074e-11
Hg202,78,202,-3,300,1.8012e-11
Hg203,78,203,-3,300,6.242000000000001e-35
Hg204,78,204,-3,300,4.1426e-12
Hg205,78,205,-3,300,0.0
Tl203,79,203,-3,300,9.5901e-12
Tl204,79,204,-3,300,2.122e-33
Tl205,79,205,-3,300,2.3094e-11
Tl206,79,206,-3,300,0.0
Pb204,80,204,-3,300,4.6963e-12
Pb205,80,205,-3,300,3.9038e-22
Pb206,80,206,-3,300,4.3476e-11
Pb207,80,207,-3,300,4.8233e-11
Pb208,80,208,-3,300,1.3839e-10
Pb209,80,209,-3,300,0.0
Bi208,81,208,-3,300,0.0
Bi209,81,209,-3,300,1.869e-11
