name,Z,A,[Fe/H],Vel,YieldTot
C12,6,12,-2,300,1.2278
C13,6,13,-2,300,0.0072227
C14,6,14,-2,300,2.7368e-11
N13,7,13,-2,300,2.9603e-13
N14,7,14,-2,300,0.060341
N15,7,15,-2,300,1.168e-06
N16,7,16,-2,300,0.0
O15,8,15,-2,300,2.828e-15
O16,8,16,-2,300,0.31784
O17,8,17,-2,300,6.4827e-06
O18,8,18,-2,300,9.6447e-06
O19,8,19,-2,300,0.0
F17,0,17,-2,300,3.6292e-18
F18,0,18,-2,300,6.099100000000001e-19
F19,0,19,-2,300,1.6251e-07
F20,0,20,-2,300,0.0
Ne20,10,20,-2,300,0.00076625
Ne21,10,21,-2,300,3.1998e-05
Ne22,10,22,-2,300,0.0026205
Ne23,10,23,-2,300,0.0
Na21,11,21,-2,300,0.0
Na22,11,22,-2,300,2.5017e-18
Na23,11,23,-2,300,9.5018e-05
Na24,11,24,-2,300,0.0
Mg23,12,23,-2,300,0.0
Mg24,12,24,-2,300,0.00042287
Mg25,12,25,-2,300,5.8539e-05
Mg26,12,26,-2,300,5.0544e-05
Mg27,12,27,-2,300,0.0
Al25,13,25,-2,300,0.0
Al26,13,26,-2,300,2.8477e-05
Al27,13,27,-2,300,0.00023008
Al28,13,28,-2,300,0.0
Si27,14,27,-2,300,0.0
Si28,14,28,-2,300,0.00084987
Si29,14,29,-2,300,4.1932e-05
Si30,14,30,-2,300,3.5979e-05
Si31,14,31,-2,300,0.0
Si32,14,32,-2,300,0.0
P29,15,29,-2,300,0.0
P30,15,30,-2,300,0.0
P31,15,31,-2,300,5.0663e-06
P32,15,32,-2,300,2.4354e-28
P33,15,33,-2,300,0.0
P34,15,34,-2,300,0.0
S31,16,31,-2,300,0.0
S32,16,32,-2,300,0.0003189
S33,16,33,-2,300,8.123e-06
S34,16,34,-2,300,1.9537e-05
S35,16,35,-2,300,1.4886000000000001e-27
S36,16,36,-2,300,7.7478e-08
S37,16,37,-2,300,0.0
Cl33,17,33,-2,300,0.0
Cl34,17,34,-2,300,0.0
Cl35,17,35,-2,300,2.9039e-06
Cl36,17,36,-2,300,6.5061e-08
Cl37,17,37,-2,300,4.2369e-06
Cl38,17,38,-2,300,0.0
Ar36,18,36,-2,300,5.8847e-05
Ar37,18,37,-2,300,4.5833e-16
Ar38,18,38,-2,300,1.2315e-05
Ar39,18,39,-2,300,6.6902e-19
Ar40,18,40,-2,300,2.564e-08
Ar41,18,41,-2,300,0.0
K37,19,37,-2,300,0.0
K38,19,38,-2,300,0.0
K39,19,39,-2,300,1.585e-06
K40,19,40,-2,300,8.934e-08
K41,19,41,-2,300,2.0063e-07
K42,19,42,-2,300,0.0
Ca40,20,40,-2,300,6.6078e-05
Ca41,20,41,-2,300,6.0316e-07
Ca42,20,42,-2,300,1.7206e-06
Ca43,20,43,-2,300,4.0528e-07
Ca44,20,44,-2,300,2.5774e-06
Ca45,20,45,-2,300,1.5121e-26
Ca46,20,46,-2,300,3.1745e-09
Ca47,20,47,-2,300,3.1777e-32
Ca48,20,48,-2,300,1.5911e-07
Ca49,20,49,-2,300,0.0
Sc41,21,41,-2,300,0.0
Sc42,21,42,-2,300,0.0
Sc43,21,43,-2,300,0.0
Sc44,21,44,-2,300,0.0
Sc45,21,45,-2,300,1.4066e-07
Sc46,21,46,-2,300,1.9732e-26
Sc47,21,47,-2,300,2.4217e-32
Sc48,21,48,-2,300,0.0
Sc49,21,49,-2,300,0.0
Ti44,22,44,-2,300,0.0
Ti45,22,45,-2,300,0.0
Ti46,22,46,-2,300,4.7345e-07
Ti47,22,47,-2,300,2.7474e-07
Ti48,22,48,-2,300,2.2012e-06
Ti49,22,49,-2,300,2.8332e-07
Ti50,22,50,-2,300,4.1741e-07
Ti51,22,51,-2,300,0.0
V45,23,45,-2,300,0.0
V46,23,46,-2,300,0.0
V47,23,47,-2,300,0.0
V48,23,48,-2,300,0.0
V49,23,49,-2,300,0.0
V50,23,50,-2,300,3.5485e-10
V51,23,51,-2,300,1.5666e-07
V52,23,52,-2,300,0.0
Cr48,24,48,-2,300,0.0
Cr49,24,49,-2,300,0.0
Cr50,24,50,-2,300,3.1623e-07
Cr51,24,51,-2,300,2.5383e-17
Cr52,24,52,-2,300,6.6515e-06
Cr53,24,53,-2,300,7.6406e-07
Cr54,24,54,-2,300,4.5128e-07
Cr55,24,55,-2,300,0.0
Mn50,25,50,-2,300,0.0
Mn51,25,51,-2,300,0.0
Mn52,25,52,-2,300,0.0
Mn53,25,53,-2,300,0.0
Mn54,25,54,-2,300,0.0
Mn55,25,55,-2,300,5.1263e-06
Mn56,25,56,-2,300,0.0
Mn57,25,57,-2,300,0.0
Fe52,26,52,-2,300,0.0
Fe53,26,53,-2,300,0.0
Fe54,26,54,-2,300,3.3362e-05
Fe55,26,55,-2,300,2.1852e-10
Fe56,26,56,-2,300,0.00056226
Fe57,26,57,-2,300,1.7151e-05
Fe58,26,58,-2,300,1.6093e-05
Fe59,26,59,-2,300,1.1452e-25
Fe60,26,60,-2,300,3.1161e-10
Fe61,26,61,-2,300,0.0
Co54,27,54,-2,300,0.0
Co55,27,55,-2,300,0.0
Co56,27,56,-2,300,0.0
Co57,27,57,-2,300,0.0
Co58,27,58,-2,300,0.0
Co59,27,59,-2,300,6.0241e-06
Co60,27,60,-2,300,5.639e-16
Co61,27,61,-2,300,0.0
Ni56,28,56,-2,300,0.0
Ni57,28,57,-2,300,0.0
Ni58,28,58,-2,300,2.1923e-05
Ni59,28,59,-2,300,5.4152e-08
Ni60,28,60,-2,300,1.376e-05
Ni61,28,61,-2,300,2.1222e-06
Ni62,28,62,-2,300,5.3e-06
Ni63,28,63,-2,300,1.9021e-19
Ni64,28,64,-2,300,1.7462e-06
Ni65,28,65,-2,300,0.0
Cu57,29,57,-2,300,0.0
Cu58,29,58,-2,300,0.0
Cu59,29,59,-2,300,0.0
Cu60,29,60,-2,300,0.0
Cu61,29,61,-2,300,0.0
Cu62,29,62,-2,300,0.0
Cu63,29,63,-2,300,2.1313e-06
Cu64,29,64,-2,300,3.1448e-27
Cu65,29,65,-2,300,1.7895e-06
Cu66,29,66,-2,300,0.0
Zn60,30,60,-2,300,0.0
Zn61,30,61,-2,300,0.0
Zn62,30,62,-2,300,0.0
Zn63,30,63,-2,300,0.0
Zn64,30,64,-2,300,1.392e-06
Zn65,30,65,-2,300,3.1760000000000005e-19
Zn66,30,66,-2,300,1.1554e-06
Zn67,30,67,-2,300,2.2628e-07
Zn68,30,68,-2,300,9.1911e-07
Zn69,30,69,-2,300,0.0
Zn70,30,70,-2,300,5.305e-09
Zn71,30,71,-2,300,0.0
Ga62,31,62,-2,300,0.0
Ga63,31,63,-2,300,0.0
Ga64,31,64,-2,300,0.0
Ga65,31,65,-2,300,0.0
Ga66,31,66,-2,300,0.0
Ga67,31,67,-2,300,0.0
Ga68,31,68,-2,300,0.0
Ga69,31,69,-2,300,1.1901e-07
Ga70,31,70,-2,300,0.0
Ga71,31,71,-2,300,8.8481e-08
Ga72,31,72,-2,300,0.0
Ge64,32,64,-2,300,0.0
Ge65,32,65,-2,300,0.0
Ge66,32,66,-2,300,0.0
Ge67,32,67,-2,300,0.0
Ge68,32,68,-2,300,0.0
Ge69,32,69,-2,300,0.0
Ge70,32,70,-2,300,1.5834e-07
Ge71,32,71,-2,300,4.1301e-27
Ge72,32,72,-2,300,1.3491e-07
Ge73,32,73,-2,300,3.598e-08
Ge74,32,74,-2,300,1.546e-07
Ge75,32,75,-2,300,0.0
Ge76,32,76,-2,300,8.6923e-09
Ge77,32,77,-2,300,0.0
As71,33,71,-2,300,0.0
As72,33,72,-2,300,0.0
As73,33,73,-2,300,0.0
As74,33,74,-2,300,0.0
As75,33,75,-2,300,1.5881e-08
As76,33,76,-2,300,0.0
As77,33,77,-2,300,0.0
Se74,34,74,-2,300,4.7955e-10
Se75,34,75,-2,300,1.6605e-30
Se76,34,76,-2,300,2.7313e-08
Se77,34,77,-2,300,1.2635e-08
Se78,34,78,-2,300,5.3621e-08
Se79,34,79,-2,300,3.4872e-12
Se80,34,80,-2,300,2.935e-08
Se81,34,81,-2,300,0.0
Se82,34,82,-2,300,5.376e-09
Se83,34,83,-2,300,0.0
Br75,35,75,-2,300,0.0
Br76,35,76,-2,300,0.0
Br77,35,77,-2,300,0.0
Br78,35,78,-2,300,0.0
Br79,35,79,-2,300,8.3057e-09
Br80,35,80,-2,300,0.0
Br81,35,81,-2,300,5.4053e-09
Br82,35,82,-2,300,0.0
Br83,35,83,-2,300,0.0
Kr78,36,78,-2,300,1.6712e-10
Kr79,36,79,-2,300,0.0
Kr80,36,80,-2,300,8.9007e-09
Kr81,36,81,-2,300,2.8846e-09
Kr82,36,82,-2,300,2.4565e-08
Kr83,36,83,-2,300,1.1409e-08
Kr84,36,84,-2,300,4.9396e-08
Kr85,36,85,-2,300,2.6261e-25
Kr86,36,86,-2,300,9.4546e-09
Kr87,36,87,-2,300,0.0
Rb79,37,79,-2,300,0.0
Rb80,37,80,-2,300,0.0
Rb81,37,81,-2,300,0.0
Rb82,37,82,-2,300,0.0
Rb83,37,83,-2,300,0.0
Rb84,37,84,-2,300,0.0
Rb85,37,85,-2,300,1.0224e-08
Rb86,37,86,-2,300,7.781599999999999e-28
Rb87,37,87,-2,300,2.9631e-09
Rb88,37,88,-2,300,0.0
Sr84,38,84,-2,300,1.1564e-10
Sr85,38,85,-2,300,2.2641e-31
Sr86,38,86,-2,300,1.1811e-08
Sr87,38,87,-2,300,6.8237e-09
Sr88,38,88,-2,300,4.0954e-08
Sr89,38,89,-2,300,1.6427e-28
Sr90,38,90,-2,300,2.0084e-29
Sr91,38,91,-2,300,0.0
Y85,39,85,-2,300,0.0
Y86,39,86,-2,300,0.0
Y87,39,87,-2,300,0.0
Y88,39,88,-2,300,0.0
Y89,39,89,-2,300,9.0769e-09
Y90,39,90,-2,300,0.0
Y91,39,91,-2,300,0.0
Zr90,40,90,-2,300,8.5032e-09
Zr91,40,91,-2,300,1.8758e-09
Zr92,40,92,-2,300,2.8652e-09
Zr93,40,93,-2,300,2.2812e-10
Zr94,40,94,-2,300,2.7197e-09
Zr95,40,95,-2,300,3.2133e-29
Zr96,40,96,-2,300,2.5223e-33
Zr97,40,97,-2,300,0.0
Nb91,41,91,-2,300,0.0
Nb92,41,92,-2,300,0.0
Nb93,41,93,-2,300,9.0337e-10
Nb94,41,94,-2,300,2.8578000000000004e-19
Nb95,41,95,-2,300,1.7545e-29
Nb96,41,96,-2,300,0.0
Nb97,41,97,-2,300,0.0
Mo92,42,92,-2,300,3.3776e-10
Mo93,42,93,-2,300,5.0534e-18
Mo94,42,94,-2,300,2.197e-10
Mo95,42,95,-2,300,4.3701e-10
Mo96,42,96,-2,300,8.7623e-10
Mo97,42,97,-2,300,2.7916e-10
Mo98,42,98,-2,300,7.4813e-10
Xe132,53,132,-2,300,2.2849e-09
Xe133,53,133,-2,300,2.124e-30
Xe134,53,134,-2,300,7.6823e-10
Xe135,53,135,-2,300,0.0
Cs133,54,133,-2,300,5.6554e-10
Cs134,54,134,-2,300,3.2842999999999997e-28
Cs135,54,135,-2,300,1.0314e-12
Cs136,54,136,-2,300,1.607e-32
Cs137,54,137,-2,300,1.3201e-33
Cs138,54,138,-2,300,0.0
Ba134,55,134,-2,300,2.6183e-10
Ba135,55,135,-2,300,4.8354e-10
Ba136,55,136,-2,300,7.7965e-10
Ba137,55,137,-2,300,9.5832e-10
Ba138,55,138,-2,300,6.4276e-09
Ba139,55,139,-2,300,0.0
La138,56,138,-2,300,5.7755e-13
La139,56,139,-2,300,7.3304e-10
La140,56,140,-2,300,0.0
Ce140,57,140,-2,300,1.8617e-09
Ce141,57,141,-2,300,1.7406e-30
Pr141,58,141,-2,300,2.7185e-10
Pr142,58,142,-2,300,0.0
Nd142,59,142,-2,300,4.1243e-10
Nd143,59,143,-2,300,1.6058e-10
Nd144,59,144,-2,300,3.3067e-10
Hg202,78,202,-2,300,3.5094e-10
Hg203,78,203,-2,300,2.3092e-30
Hg204,78,204,-2,300,6.9259e-11
Hg205,78,205,-2,300,0.0
Tl203,79,203,-2,300,1.8143e-10
Tl204,79,204,-2,300,9.7107e-29
Tl205,79,205,-2,300,4.3596e-10
Tl206,79,206,-2,300,0.0
Pb204,80,204,-2,300,1.1308e-10
Pb205,80,205,-2,300,1.2513e-19
Pb206,80,206,-2,300,8.9067e-10
Pb207,80,207,-2,300,9.5425e-10
Pb208,80,208,-2,300,2.6506e-09
Pb209,80,209,-2,300,0.0
Bi208,81,208,-2,300,0.0
Bi209,81,209,-2,300,3.3686e-10
