name,Z,A,[Fe/H],Vel,YieldTot
C12,6,12,-2,300,1.0162
C13,6,13,-2,300,2.9785e-05
C14,6,14,-2,300,0.00594
N13,7,13,-2,300,1.3858e-12
N14,7,14,-2,300,0.0062226
N15,7,15,-2,300,0.00052229
N16,7,16,-2,300,1.724e-22
O15,8,15,-2,300,8.96e-14
O16,8,16,-2,300,5.9367
O17,8,17,-2,300,0.00033284
O18,8,18,-2,300,0.0088226
O19,8,19,-2,300,5.6551e-19
F17,0,17,-2,300,3.6592e-21
F18,0,18,-2,300,1.2699e-07
F19,0,19,-2,300,0.00079242
F20,0,20,-2,300,4.7798e-19
Ne20,10,20,-2,300,0.64166
Ne21,10,21,-2,300,0.0016549
Ne22,10,22,-2,300,0.16597
Ne23,10,23,-2,300,9.1804e-14
Na21,11,21,-2,300,6.7925e-14
Na22,11,22,-2,300,4.6982e-06
Na23,11,23,-2,300,0.0069613
Na24,11,24,-2,300,4.9448e-06
Mg23,12,23,-2,300,6.5054e-13
Mg24,12,24,-2,300,0.1205
Mg25,12,25,-2,300,0.012198
Mg26,12,26,-2,300,0.015666
Mg27,12,27,-2,300,5.4973e-10
Al25,13,25,-2,300,6.7471e-17
Al26,13,26,-2,300,0.00015123
Al27,13,27,-2,300,0.012423
Al28,13,28,-2,300,2.8995e-10
Si27,14,27,-2,300,1.1296e-13
Si28,14,28,-2,300,0.26073
Si29,14,29,-2,300,0.0053591
Si30,14,30,-2,300,0.0069175
Si31,14,31,-2,300,1.3307e-07
Si32,14,32,-2,300,1.4231e-08
P29,15,29,-2,300,1.8675000000000001e-19
P30,15,30,-2,300,8.4383e-09
P31,15,31,-2,300,0.0019788
P32,15,32,-2,300,2.2221e-06
P33,15,33,-2,300,7.8244e-07
P34,15,34,-2,300,4.4757e-19
S31,16,31,-2,300,2.8423e-17
S32,16,32,-2,300,0.090577
S33,16,33,-2,300,0.0010295
S34,16,34,-2,300,0.0059027
S35,16,35,-2,300,1.3178e-06
S36,16,36,-2,300,6.1269e-07
S37,16,37,-2,300,2.7814e-18
Cl33,17,33,-2,300,7.776200000000001e-24
Cl34,17,34,-2,300,8.7729e-22
Cl35,17,35,-2,300,0.00047479
Cl36,17,36,-2,300,2.3228e-06
Cl37,17,37,-2,300,6.0149e-06
Cl38,17,38,-2,300,7.8085e-12
Ar36,18,36,-2,300,0.015081
Ar37,18,37,-2,300,6.4841e-05
Ar38,18,38,-2,300,0.0024132
Ar39,18,39,-2,300,2.89e-07
Ar40,18,40,-2,300,1.6879e-07
Ar41,18,41,-2,300,2.9139e-11
K37,19,37,-2,300,4.4568e-33
K38,19,38,-2,300,4.2833e-11
K39,19,39,-2,300,0.00022025
K40,19,40,-2,300,3.2208e-07
K41,19,41,-2,300,3.5742e-07
K42,19,42,-2,300,7.4576e-09
Ca40,20,40,-2,300,0.012615
Ca41,20,41,-2,300,1.5192e-05
Ca42,20,42,-2,300,7.45e-05
Ca43,20,43,-2,300,5.3443e-07
Ca44,20,44,-2,300,2.3844e-06
Ca45,20,45,-2,300,1.2102e-07
Ca46,20,46,-2,300,3.9843e-08
Ca47,20,47,-2,300,8.7554e-10
Ca48,20,48,-2,300,5.2802e-08
Ca49,20,49,-2,300,2.6871e-17
Sc41,21,41,-2,300,2.0151e-46
Sc42,21,42,-2,300,5.0022e-40
Sc43,21,43,-2,300,3.823e-08
Sc44,21,44,-2,300,4.4109e-09
Sc45,21,45,-2,300,7.377e-07
Sc46,21,46,-2,300,5.6989e-08
Sc47,21,47,-2,300,1.2476e-08
Sc48,21,48,-2,300,1.8745e-09
Sc49,21,49,-2,300,1.08e-11
Ti44,22,44,-2,300,4.573e-05
Ti45,22,45,-2,300,1.3672e-07
Ti46,22,46,-2,300,3.443e-05
Ti47,22,47,-2,300,1.4282e-06
Ti48,22,48,-2,300,1.3371e-06
Ti49,22,49,-2,300,9.0545e-07
Ti50,22,50,-2,300,5.2286e-06
Ti51,22,51,-2,300,5.7144e-12
V45,23,45,-2,300,6.1005e-47
V46,23,46,-2,300,2.1138e-47
V47,23,47,-2,300,3.5628e-10
V48,23,48,-2,300,8.7926e-08
V49,23,49,-2,300,2.1925e-06
V50,23,50,-2,300,2.6065e-08
V51,23,51,-2,300,6.6439e-07
V52,23,52,-2,300,1.3176e-11
Cr48,24,48,-2,300,9.5994e-05
Cr49,24,49,-2,300,5.5984e-09
Cr50,24,50,-2,300,5.0505e-05
Cr51,24,51,-2,300,4.0074e-06
Cr52,24,52,-2,300,8.8194e-06
Cr53,24,53,-2,300,5.3017e-07
Cr54,24,54,-2,300,1.4777e-06
Cr55,24,55,-2,300,2.1218e-13
Mn50,25,50,-2,300,4.6791000000000005e-57
Mn51,25,51,-2,300,7.5154e-09
Mn52,25,52,-2,300,0.00012424
Mn53,25,53,-2,300,3.5494e-05
Mn54,25,54,-2,300,8.1412e-08
Mn55,25,55,-2,300,1.6338e-06
Mn56,25,56,-2,300,3.4981e-09
Mn57,25,57,-2,300,3.412e-15
Fe52,26,52,-2,300,0.00037443
Fe53,26,53,-2,300,8.8131e-13
Fe54,26,54,-2,300,0.0016561
Fe55,26,55,-2,300,4.8593e-05
Fe56,26,56,-2,300,0.00021083
Fe57,26,57,-2,300,5.3148e-06
Fe58,26,58,-2,300,6.0233e-06
Fe59,26,59,-2,300,1.9406e-07
Fe60,26,60,-2,300,6.1109e-08
Fe61,26,61,-2,300,3.8109e-16
Co54,27,54,-2,300,9.652e-60
Co55,27,55,-2,300,9.7416e-05
Co56,27,56,-2,300,1.8607e-06
Co57,27,57,-2,300,0.00012867
Co58,27,58,-2,300,2.359e-08
Co59,27,59,-2,300,2.2788e-06
Co60,27,60,-2,300,1.8418e-07
Co61,27,61,-2,300,2.4787e-09
Ni56,28,56,-2,300,0.07
Ni57,28,57,-2,300,0.0023895
Ni58,28,58,-2,300,0.0042785
Ni59,28,59,-2,300,0.00011885
Ni60,28,60,-2,300,0.0016367
Ni61,28,61,-2,300,4.0993e-05
Ni62,28,62,-2,300,1.4745e-05
Ni63,28,63,-2,300,1.1991e-06
Ni64,28,64,-2,300,5.1653e-06
Ni65,28,65,-2,300,1.7114e-09
Cu57,29,57,-2,300,9.652e-60
Cu58,29,58,-2,300,1.0591e-33
Cu59,29,59,-2,300,1.8964e-19
Cu60,29,60,-2,300,4.8097e-08
Cu61,29,61,-2,300,3.1548e-05
Cu62,29,62,-2,300,3.6042e-07
Cu63,29,63,-2,300,2.1675e-06
Cu64,29,64,-2,300,2.9399e-08
Cu65,29,65,-2,300,2.5662e-06
Cu66,29,66,-2,300,3.1843e-11
Zn60,30,60,-2,300,2.6327999999999996e-21
Zn61,30,61,-2,300,4.4119e-20
Zn62,30,62,-2,300,0.0005324
Zn63,30,63,-2,300,2.3024e-09
Zn64,30,64,-2,300,1.0794e-05
Zn65,30,65,-2,300,7.2032e-07
Zn66,30,66,-2,300,5.7303e-06
Zn67,30,67,-2,300,8.0989e-07
Zn68,30,68,-2,300,6.5556e-06
Zn69,30,69,-2,300,2.0439e-09
Zn70,30,70,-2,300,7.9464e-08
Zn71,30,71,-2,300,3.2022e-16
Ga62,31,62,-2,300,9.652e-60
Ga63,31,63,-2,300,8.288000000000001e-29
Ga64,31,64,-2,300,1.9019e-21
Ga65,31,65,-2,300,2.3274e-13
Ga66,31,66,-2,300,4.9925e-06
Ga67,31,67,-2,300,2.9533e-08
Ga68,31,68,-2,300,3.0531e-10
Ga69,31,69,-2,300,1.1263e-06
Ga70,31,70,-2,300,6.9755e-10
Ga71,31,71,-2,300,9.0383e-07
Ga72,31,72,-2,300,2.983e-08
Ge64,32,64,-2,300,1.3606999999999998e-28
Ge65,32,65,-2,300,1.6408e-32
Ge66,32,66,-2,300,9.9362e-07
Ge67,32,67,-2,300,2.1165e-14
Ge68,32,68,-2,300,5.9659e-08
Ge69,32,69,-2,300,1.0238e-09
Ge70,32,70,-2,300,1.9701e-06
Ge71,32,71,-2,300,2.1246e-07
Ge72,32,72,-2,300,2.3579e-06
Ge73,32,73,-2,300,7.2319e-07
Ge74,32,74,-2,300,4.4633e-06
Ge75,32,75,-2,300,6.8103e-09
Ge76,32,76,-2,300,1.6752e-07
Ge77,32,77,-2,300,9.9906e-10
As71,33,71,-2,300,1.0256e-10
As72,33,72,-2,300,2.0092e-10
As73,33,73,-2,300,1.7848e-08
As74,33,74,-2,300,5.0299e-09
As75,33,75,-2,300,8.7604e-07
As76,33,76,-2,300,1.0494e-07
As77,33,77,-2,300,3.4221e-07
Se74,34,74,-2,300,2.947e-07
Se75,34,75,-2,300,2.3951e-08
Se76,34,76,-2,300,1.4863e-06
Se77,34,77,-2,300,4.1685e-07
Se78,34,78,-2,300,2.8539e-06
Se79,34,79,-2,300,5.8366e-07
Se80,34,80,-2,300,2.3936e-06
Se81,34,81,-2,300,5.7366e-10
Se82,34,82,-2,300,2.0309e-07
Se83,34,83,-2,300,3.632e-12
Br75,35,75,-2,300,1.7252e-13
Br76,35,76,-2,300,3.0874e-11
Br77,35,77,-2,300,2.0918e-09
Br78,35,78,-2,300,3.6474e-12
Br79,35,79,-2,300,1.3433e-07
Br80,35,80,-2,300,2.4368e-10
Br81,35,81,-2,300,6.2189e-07
Br82,35,82,-2,300,4.8288e-08
Br83,35,83,-2,300,5.6079e-08
Kr78,36,78,-2,300,6.6539e-08
Kr79,36,79,-2,300,2.1619e-09
Kr80,36,80,-2,300,5.9984e-07
Kr81,36,81,-2,300,9.6775e-08
Kr82,36,82,-2,300,1.6268e-06
Kr83,36,83,-2,300,8.0428e-07
Kr84,36,84,-2,300,4.6737e-06
Kr85,36,85,-2,300,9.4247e-07
Kr86,36,86,-2,300,2.534e-06
Kr87,36,87,-2,300,2.6178e-11
Rb79,37,79,-2,300,2.1297e-16
Rb80,37,80,-2,300,6.748700000000001e-19
Rb81,37,81,-2,300,1.0083e-11
Rb82,37,82,-2,300,9.4045e-12
Rb83,37,83,-2,300,5.1043e-09
Rb84,37,84,-2,300,5.5706e-10
Rb85,37,85,-2,300,7.2953e-07
Rb86,37,86,-2,300,2.4444e-07
Rb87,37,87,-2,300,1.7032e-06
Rb88,37,88,-2,300,1.2103e-11
Sr84,38,84,-2,300,5.851e-07
Sr85,38,85,-2,300,2.1324e-08
Sr86,38,86,-2,300,2.4613e-06
Sr87,38,87,-2,300,1.5239e-06
Sr88,38,88,-2,300,3.4647e-05
Sr89,38,89,-2,300,1.5804e-06
Sr90,38,90,-2,300,4.7803e-07
Sr91,38,91,-2,300,3.2127e-09
Y85,39,85,-2,300,8.1896e-13
Y86,39,86,-2,300,2.9337e-12
Y87,39,87,-2,300,1.1358e-09
Y88,39,88,-2,300,2.2094e-09
Y89,39,89,-2,300,9.0626e-06
Y90,39,90,-2,300,2.1769e-07
Y91,39,91,-2,300,9.5902e-07
Zr90,40,90,-2,300,1.2192e-05
Zr91,40,91,-2,300,2.2852e-06
Zr92,40,92,-2,300,4.8214e-06
Zr93,40,93,-2,300,1.4855e-06
Zr94,40,94,-2,300,4.1024e-06
Zr95,40,95,-2,300,6.8977e-07
Zr96,40,96,-2,300,9.7544e-07
Zr97,40,97,-2,300,9.5624e-10
Nb91,41,91,-2,300,2.4116e-08
Nb92,41,92,-2,300,3.7581e-09
Nb93,41,93,-2,300,3.0919e-08
Nb94,41,94,-2,300,1.4752e-09
Nb95,41,95,-2,300,3.3311e-08
Nb96,41,96,-2,300,3.2203e-09
Nb97,41,97,-2,300,5.5986e-10
Mo92,42,92,-2,300,6.0441e-07
Mo93,42,93,-2,300,3.044e-08
Mo94,42,94,-2,300,4.2875e-07
Mo95,42,95,-2,300,1.104e-07
Mo96,42,96,-2,300,6.5146e-07
Mo97,42,97,-2,300,1.8486e-07
Mo98,42,98,-2,300,7.0503e-07
Xe132,53,132,-2,300,1.7916e-06
Xe133,53,133,-2,300,1.8158e-07
Xe134,53,134,-2,300,5.6459e-07
Xe135,53,135,-2,300,1.5432e-08
Cs133,54,133,-2,300,2.095e-07
Cs134,54,134,-2,300,3.1881e-08
Cs135,54,135,-2,300,2.0563e-07
Cs136,54,136,-2,300,7.1216e-08
Cs137,54,137,-2,300,3.3121e-07
Cs138,54,138,-2,300,4.8119e-16
Ba134,55,134,-2,300,4.7686e-07
Ba135,55,135,-2,300,1.2721e-07
Ba136,55,136,-2,300,1.4187e-06
Ba137,55,137,-2,300,1.0178e-06
Ba138,55,138,-2,300,8.5094e-06
Ba139,55,139,-2,300,2.5161e-12
La138,56,138,-2,300,1.6383e-10
La139,56,139,-2,300,8.5449e-07
La140,56,140,-2,300,5.9081e-11
Ce140,57,140,-2,300,1.137e-06
Ce141,57,141,-2,300,1.7832e-08
Pr141,58,141,-2,300,7.688e-08
Pr142,58,142,-2,300,1.1482e-09
Nd142,59,142,-2,300,2.4912e-07
Nd143,59,143,-2,300,2.2872e-08
Nd144,59,144,-2,300,7.012e-08
Hg202,78,202,-2,300,1.2433e-07
Hg203,78,203,-2,300,4.1969e-09
Hg204,78,204,-2,300,3.6794e-09
Hg205,78,205,-2,300,1.1637e-17
Tl203,79,203,-2,300,6.3751e-08
Tl204,79,204,-2,300,9.4546e-09
Tl205,79,205,-2,300,5.339e-08
Tl206,79,206,-2,300,7.4809e-15
Pb204,80,204,-2,300,6.189e-08
Pb205,80,205,-2,300,2.9438e-08
Pb206,80,206,-2,300,1.9438e-07
Pb207,80,207,-2,300,1.0991e-07
Pb208,80,208,-2,300,6.4725e-08
Pb209,80,209,-2,300,1.9816e-15
Bi208,81,208,-2,300,2.0737e-10
Bi209,81,209,-2,300,9.0338e-10
