name,Z,A,[Fe/H],Vel,YieldTot
C12,6,12,-1,300,0.21
C13,6,13,-1,300,0.00059355
C14,6,14,-1,300,0.0028487
N13,7,13,-1,300,1.2609e-13
N14,7,14,-1,300,0.064884
N15,7,15,-1,300,0.0016643
N16,7,16,-1,300,2.351e-27
O15,8,15,-1,300,1.8164e-17
O16,8,16,-1,300,1.7035
O17,8,17,-1,300,0.00044792
O18,8,18,-1,300,0.076466
O19,8,19,-1,300,3.1972e-20
F17,0,17,-1,300,7.3981e-18
F18,0,18,-1,300,3.9061e-06
F19,0,19,-1,300,0.0001148
F20,0,20,-1,300,8.3359e-22
Ne20,10,20,-1,300,0.041431
Ne21,10,21,-1,300,0.00063327
Ne22,10,22,-1,300,0.088871
Ne23,10,23,-1,300,4.4878e-13
Na21,11,21,-1,300,1.2158e-15
Na22,11,22,-1,300,1.3518e-07
Na23,11,23,-1,300,0.0016053
Na24,11,24,-1,300,3.1253e-09
Mg23,12,23,-1,300,1.0592e-13
Mg24,12,24,-1,300,0.0074541
Mg25,12,25,-1,300,0.014747
Mg26,12,26,-1,300,0.031446
Mg27,12,27,-1,300,1.6941e-10
Al25,13,25,-1,300,1.3164e-18
Al26,13,26,-1,300,1.2343e-05
Al27,13,27,-1,300,0.00082131
Al28,13,28,-1,300,4.7354e-12
Si27,14,27,-1,300,6.8483e-18
Si28,14,28,-1,300,0.47193
Si29,14,29,-1,300,0.0013088
Si30,14,30,-1,300,0.00058397
Si31,14,31,-1,300,2.1563e-09
Si32,14,32,-1,300,6.2004e-10
P29,15,29,-1,300,7.2693e-20
P30,15,30,-1,300,1.673e-13
P31,15,31,-1,300,0.0016665
P32,15,32,-1,300,1.6527e-06
P33,15,33,-1,300,1.0647e-06
P34,15,34,-1,300,1.3381e-20
S31,16,31,-1,300,6.9313e-24
S32,16,32,-1,300,0.40297
S33,16,33,-1,300,0.0021484
S34,16,34,-1,300,0.020062
S35,16,35,-1,300,3.3958e-06
S36,16,36,-1,300,1.0982e-06
S37,16,37,-1,300,1.2566e-17
Cl33,17,33,-1,300,1.4796e-24
Cl34,17,34,-1,300,2.3066000000000003e-24
Cl35,17,35,-1,300,0.0020876
Cl36,17,36,-1,300,2.3129e-05
Cl37,17,37,-1,300,4.0148e-05
Cl38,17,38,-1,300,3.9456e-13
Ar36,18,36,-1,300,0.095238
Ar37,18,37,-1,300,0.00064283
Ar38,18,38,-1,300,0.046997
Ar39,18,39,-1,300,5.9422e-06
Ar40,18,40,-1,300,4.2447e-07
Ar41,18,41,-1,300,1.7094e-13
K37,19,37,-1,300,1.9216e-33
K38,19,38,-1,300,9.2599e-19
K39,19,39,-1,300,0.0046376
K40,19,40,-1,300,7.1383e-06
K41,19,41,-1,300,2.3299e-06
K42,19,42,-1,300,1.7116e-09
Ca40,20,40,-1,300,0.10804
Ca41,20,41,-1,300,0.0004802
Ca42,20,42,-1,300,0.0022552
Ca43,20,43,-1,300,1.016e-05
Ca44,20,44,-1,300,9.5029e-06
Ca45,20,45,-1,300,1.1548e-07
Ca46,20,46,-1,300,3.9476e-08
Ca47,20,47,-1,300,7.8613e-10
Ca48,20,48,-1,300,3.2947e-07
Ca49,20,49,-1,300,1.2807e-16
Sc41,21,41,-1,300,5.163e-47
Sc42,21,42,-1,300,7.6737e-39
Sc43,21,43,-1,300,1.8239e-07
Sc44,21,44,-1,300,3.4574e-07
Sc45,21,45,-1,300,6.0931e-06
Sc46,21,46,-1,300,4.7248e-08
Sc47,21,47,-1,300,1.2162e-08
Sc48,21,48,-1,300,1.0203e-10
Sc49,21,49,-1,300,2.3349e-14
Ti44,22,44,-1,300,6.7634e-05
Ti45,22,45,-1,300,1.1783e-06
Ti46,22,46,-1,300,0.0010166
Ti47,22,47,-1,300,2.2359e-05
Ti48,22,48,-1,300,9.1434e-06
Ti49,22,49,-1,300,2.384e-06
Ti50,22,50,-1,300,1.333e-05
Ti51,22,51,-1,300,2.2108e-13
V45,23,45,-1,300,5.249399999999999e-44
V46,23,46,-1,300,3.4136e-49
V47,23,47,-1,300,4.1758e-10
V48,23,48,-1,300,3.1559e-06
V49,23,49,-1,300,1.6801e-05
V50,23,50,-1,300,9.4304e-08
V51,23,51,-1,300,2.203e-06
V52,23,52,-1,300,8.5423e-14
Cr48,24,48,-1,300,0.00011304
Cr49,24,49,-1,300,2.601e-08
Cr50,24,50,-1,300,0.0012228
Cr51,24,51,-1,300,9.2363e-05
Cr52,24,52,-1,300,0.00017548
Cr53,24,53,-1,300,2.3037e-06
Cr54,24,54,-1,300,5.4308e-06
Cr55,24,55,-1,300,1.1896e-13
Mn50,25,50,-1,300,4.3302e-58
Mn51,25,51,-1,300,6.7396e-08
Mn52,25,52,-1,300,0.00028146
Mn53,25,53,-1,300,0.00023534
Mn54,25,54,-1,300,1.2772e-06
Mn55,25,55,-1,300,1.1517e-05
Mn56,25,56,-1,300,1.3126e-10
Mn57,25,57,-1,300,7.945700000000001e-19
Fe52,26,52,-1,300,0.00083772
Fe53,26,53,-1,300,1.9479e-15
Fe54,26,54,-1,300,0.017248
Fe55,26,55,-1,300,0.00059198
Fe56,26,56,-1,300,0.002938
Fe57,26,57,-1,300,4.044e-05
Fe58,26,58,-1,300,3.0268e-05
Fe59,26,59,-1,300,3.0285e-07
Fe60,26,60,-1,300,1.1274e-07
Fe61,26,61,-1,300,1.4984e-17
Co54,27,54,-1,300,8.8527e-60
Co55,27,55,-1,300,0.00076909
Co56,27,56,-1,300,7.3732e-06
Co57,27,57,-1,300,0.00019458
Co58,27,58,-1,300,9.006e-07
Co59,27,59,-1,300,1.0807e-05
Co60,27,60,-1,300,3.6374e-07
Co61,27,61,-1,300,4.545e-13
Ni56,28,56,-1,300,0.07
Ni57,28,57,-1,300,0.0026093
Ni58,28,58,-1,300,0.0063552
Ni59,28,59,-1,300,0.00015554
Ni60,28,60,-1,300,0.0011188
Ni61,28,61,-1,300,3.391e-05
Ni62,28,62,-1,300,2.0175e-05
Ni63,28,63,-1,300,1.7995e-06
Ni64,28,64,-1,300,1.012e-05
Ni65,28,65,-1,300,3.5618e-12
Cu57,29,57,-1,300,8.8527e-60
Cu58,29,58,-1,300,1.2516e-30
Cu59,29,59,-1,300,1.3806e-20
Cu60,29,60,-1,300,2.219e-08
Cu61,29,61,-1,300,2.327e-05
Cu62,29,62,-1,300,2.9925e-07
Cu63,29,63,-1,300,4.0208e-06
Cu64,29,64,-1,300,1.7702e-08
Cu65,29,65,-1,300,6.6054e-06
Cu66,29,66,-1,300,3.2746e-13
Zn60,30,60,-1,300,1.1651000000000001e-24
Zn61,30,61,-1,300,2.5247e-26
Zn62,30,62,-1,300,0.00048908
Zn63,30,63,-1,300,8.5796e-10
Zn64,30,64,-1,300,6.3817e-06
Zn65,30,65,-1,300,8.806e-07
Zn66,30,66,-1,300,9.2161e-06
Zn67,30,67,-1,300,1.5468e-06
Zn68,30,68,-1,300,1.054e-05
Zn69,30,69,-1,300,4.0699e-12
Zn70,30,70,-1,300,1.0237e-08
Zn71,30,71,-1,300,7.5456e-20
Ga62,31,62,-1,300,8.8527e-60
Ga63,31,63,-1,300,1.0524e-29
Ga64,31,64,-1,300,1.1064e-28
Ga65,31,65,-1,300,1.1115e-13
Ga66,31,66,-1,300,3.9522e-06
Ga67,31,67,-1,300,2.0559e-08
Ga68,31,68,-1,300,1.4094e-12
Ga69,31,69,-1,300,1.6253e-06
Ga70,31,70,-1,300,1.4939e-12
Ga71,31,71,-1,300,1.6854e-06
Ga72,31,72,-1,300,2.9438e-11
Ge64,32,64,-1,300,4.1413e-37
Ge65,32,65,-1,300,3.4854e-39
Ge66,32,66,-1,300,7.7593e-07
Ge67,32,67,-1,300,5.0609e-15
Ge68,32,68,-1,300,5.0897e-09
Ge69,32,69,-1,300,9.9879e-11
Ge70,32,70,-1,300,2.9739e-06
Ge71,32,71,-1,300,7.9593e-08
Ge72,32,72,-1,300,3.6716e-06
Ge73,32,73,-1,300,9.5405e-07
Ge74,32,74,-1,300,6.35e-06
Ge75,32,75,-1,300,6.2622e-12
Ge76,32,76,-1,300,1.678e-08
Ge77,32,77,-1,300,2.7227e-15
As71,33,71,-1,300,8.6711e-12
As72,33,72,-1,300,1.3388e-12
As73,33,73,-1,300,3.3491e-09
As74,33,74,-1,300,5.7207e-11
As75,33,75,-1,300,6.5824e-07
As76,33,76,-1,300,1.2881e-10
As77,33,77,-1,300,1.4055e-10
Se74,34,74,-1,300,7.0992e-07
Se75,34,75,-1,300,2.6765e-08
Se76,34,76,-1,300,2.8132e-06
Se77,34,77,-1,300,6.0833e-07
Se78,34,78,-1,300,4.1372e-06
Se79,34,79,-1,300,5.2793e-07
Se80,34,80,-1,300,1.9969e-06
Se81,34,81,-1,300,2.9904e-14
Se82,34,82,-1,300,1.0429e-08
Se83,34,83,-1,300,2.3326e-18
Br75,35,75,-1,300,1.8824e-13
Br76,35,76,-1,300,6.8708e-12
Br77,35,77,-1,300,2.3713e-09
Br78,35,78,-1,300,3.0933e-18
Br79,35,79,-1,300,1.5652e-07
Br80,35,80,-1,300,1.4939e-12
Br81,35,81,-1,300,3.5251e-07
Br82,35,82,-1,300,1.0851e-10
Br83,35,83,-1,300,1.8419e-12
Kr78,36,78,-1,300,3.6611e-07
Kr79,36,79,-1,300,2.1488e-08
Kr80,36,80,-1,300,2.3989e-06
Kr81,36,81,-1,300,2.6424e-07
Kr82,36,82,-1,300,2.8929e-06
Kr83,36,83,-1,300,8.6117e-07
Kr84,36,84,-1,300,5.4975e-06
Kr85,36,85,-1,300,4.8638e-07
Kr86,36,86,-1,300,1.2492e-06
Kr87,36,87,-1,300,7.2434e-14
Rb79,37,79,-1,300,5.2147e-18
Rb80,37,80,-1,300,6.2797e-26
Rb81,37,81,-1,300,1.2306e-10
Rb82,37,82,-1,300,4.0644e-11
Rb83,37,83,-1,300,1.3432e-08
Rb84,37,84,-1,300,5.6677e-10
Rb85,37,85,-1,300,9.0117e-07
Rb86,37,86,-1,300,6.9243e-08
Rb87,37,87,-1,300,3.5069e-07
Rb88,37,88,-1,300,2.4295e-14
Sr84,38,84,-1,300,8.1033e-06
Sr85,38,85,-1,300,5.4444e-07
Sr86,38,86,-1,300,6.4453e-06
Sr87,38,87,-1,300,2.2434e-06
Sr88,38,88,-1,300,4.6357e-05
Sr89,38,89,-1,300,5.9049e-07
Sr90,38,90,-1,300,1.118e-07
Sr91,38,91,-1,300,4.009e-15
Y85,39,85,-1,300,2.9754e-11
Y86,39,86,-1,300,2.0818e-10
Y87,39,87,-1,300,1.446e-08
Y88,39,88,-1,300,8.5882e-09
Y89,39,89,-1,300,1.6683e-05
Y90,39,90,-1,300,1.4726e-09
Y91,39,91,-1,300,5.1958e-11
Zr90,40,90,-1,300,0.00012907
Zr91,40,91,-1,300,4.7107e-06
Zr92,40,92,-1,300,9.9176e-06
Zr93,40,93,-1,300,2.9809e-06
Zr94,40,94,-1,300,1.1721e-05
Zr95,40,95,-1,300,6.0509e-07
Zr96,40,96,-1,300,5.6399e-07
Zr97,40,97,-1,300,5.2096e-15
Nb91,41,91,-1,300,8.9135e-08
Nb92,41,92,-1,300,9.2034e-10
Nb93,41,93,-1,300,2.7585e-09
Nb94,41,94,-1,300,1.1716e-11
Nb95,41,95,-1,300,4.1942e-08
Nb96,41,96,-1,300,3.6283e-11
Nb97,41,97,-1,300,7.5079e-16
Mo92,42,92,-1,300,1.3448e-06
Mo93,42,93,-1,300,5.8855e-08
Mo94,42,94,-1,300,9.6142e-07
Mo95,42,95,-1,300,8.0605e-07
Mo96,42,96,-1,300,2.7524e-06
Mo97,42,97,-1,300,8.1091e-07
Mo98,42,98,-1,300,3.0868e-06
Xe132,53,132,-1,300,6.5917e-06
Xe133,53,133,-1,300,3.3079e-07
Xe134,53,134,-1,300,4.3374e-07
Xe135,53,135,-1,300,2.1349e-13
Cs133,54,133,-1,300,8.3562e-07
Cs134,54,134,-1,300,4.7863e-08
Cs135,54,135,-1,300,2.5431e-07
Cs136,54,136,-1,300,7.7351e-08
Cs137,54,137,-1,300,2.1894e-07
Cs138,54,138,-1,300,4.8705e-17
Ba134,55,134,-1,300,2.5327e-06
Ba135,55,135,-1,300,7.8372e-07
Ba136,55,136,-1,300,7.6091e-06
Ba137,55,137,-1,300,5.5976e-06
Ba138,55,138,-1,300,7.8673e-05
Ba139,55,139,-1,300,2.8692e-11
La138,56,138,-1,300,1.2236e-09
La139,56,139,-1,300,1.0604e-05
La140,56,140,-1,300,8.1658e-11
Ce140,57,140,-1,300,2.2193e-05
Ce141,57,141,-1,300,1.0877e-06
Pr141,58,141,-1,300,1.7354e-06
Pr142,58,142,-1,300,6.1348e-11
Nd142,59,142,-1,300,6.6985e-06
Nd143,59,143,-1,300,7.8115e-07
Nd144,59,144,-1,300,2.4796e-06
Hg202,78,202,-1,300,4.3049e-06
Hg203,78,203,-1,300,2.1167e-07
Hg204,78,204,-1,300,1.2063e-07
Hg205,78,205,-1,300,3.1271e-17
Tl203,79,203,-1,300,1.9863e-06
Tl204,79,204,-1,300,1.9558e-07
Tl205,79,205,-1,300,2.982e-06
Tl206,79,206,-1,300,5.0067e-13
Pb204,80,204,-1,300,2.7861e-06
Pb205,80,205,-1,300,7.634e-07
Pb206,80,206,-1,300,1.3929e-05
Pb207,80,207,-1,300,1.2238e-05
Pb208,80,208,-1,300,1.5727e-05
Pb209,80,209,-1,300,6.6892e-13
Bi208,81,208,-1,300,2.7532e-07
Bi209,81,209,-1,300,4.0106e-07
